# Primero viene la cantidad (n) de timestamps para ambos, luego n líneas que son un timestamp aproximado cada uno separado por una coma (',') del error, y luego n lineas de las transacciones del sospechoso
100
1,12
23,7
29,6
34,20
34,16
41,14
50,6
55,9
66,9
67,13
88,6
90,11
95,20
115,12
117,5
123,15
142,7
152,7
153,5
184,6
193,14
198,5
207,14
233,18
237,19
238,8
252,20
260,7
260,11
260,16
262,17
277,9
293,14
296,14
297,19
298,10
305,6
311,20
314,14
354,12
365,13
368,7
373,18
379,13
403,11
440,13
441,7
448,7
470,9
473,16
481,16
482,9
484,19
485,9
505,20
518,12
584,17
589,19
593,16
625,20
628,11
634,6
634,9
645,10
646,11
651,5
661,11
662,14
683,10
691,11
693,20
693,11
713,12
714,14
726,9
727,11
749,20
752,9
763,19
763,9
766,14
787,20
787,18
795,12
819,6
853,20
860,18
863,9
866,12
873,17
886,12
893,19
901,7
939,16
940,8
946,6
952,20
965,11
974,19
976,20
11
24
27
29
37
53
54
57
60
67
90
93
94
115
121
137
137
149
157
182
188
198
205
220
228
239
240
250
251
255
256
269
289
292
299
301
303
311
329
359
362
362
375
382
401
430
446
448
469
471
472
482
490
491
516
517
589
591
608
629
634
636
638
640
649
657
658
667
687
688
690
699
717
718
724
728
749
765
766
768
777
783
806
807
820
836
846
859
872
885
892
896
910
948
949
952
952
960
968
974
