# Primero viene la cantidad (n) de timestamps para ambos, luego n líneas que son un timestamp aproximado cada uno separado por una coma (',') del error, y luego n lineas de las transacciones del sospechoso
100
2,20
8,14
9,12
34,19
48,14
52,18
96,11
99,14
113,14
121,8
129,11
138,11
142,8
151,9
152,13
156,12
177,8
178,17
179,6
183,19
183,15
194,6
197,17
211,9
213,9
224,20
233,16
239,10
249,10
250,19
263,15
271,18
272,13
288,18
290,11
291,20
295,16
298,11
299,14
315,20
338,20
345,19
350,18
365,9
366,6
367,16
368,12
374,12
375,10
380,13
386,9
446,18
449,5
490,18
501,6
505,19
509,19
522,20
530,16
546,8
550,17
551,15
555,17
556,18
559,18
583,5
591,10
593,8
602,15
612,10
658,9
670,6
676,10
695,18
703,10
708,5
719,11
740,14
756,5
759,7
761,18
783,6
785,16
785,11
794,12
816,10
834,10
841,16
843,14
854,19
877,14
884,15
902,5
904,11
920,18
934,15
963,6
966,11
985,20
993,19
1
5
11
36
41
63
93
100
103
121
126
130
149
151
152
158
165
178
178
179
181
197
200
211
217
232
233
245
247
256
269
270
270
287
289
295
298
299
299
318
331
336
339
357
357
360
362
368
376
385
389
431
446
499
504
505
518
523
527
541
541
546
547
557
564
582
594
595
611
612
663
670
672
682
698
703
715
753
761
764
778
787
787
789
790
826
833
842
847
850
870
896
899
907
910
946
965
969
974
1020
