# Primero viene la cantidad (n) de timestamps para ambos, luego n líneas que son un timestamp aproximado cada uno separado por una coma (',') del error, y luego n lineas de las transacciones del sospechoso
100
3,12
4,10
9,8
11,17
18,8
32,7
36,17
51,17
54,7
82,18
87,13
89,19
97,19
104,9
110,13
115,10
119,10
121,15
127,6
133,11
133,12
136,20
140,18
157,19
168,15
174,5
177,14
194,20
211,5
251,13
254,5
265,5
274,18
293,20
307,13
322,6
343,5
345,18
352,11
367,18
404,6
410,16
426,19
427,18
430,10
432,11
432,8
435,10
435,16
439,19
454,12
476,15
477,10
485,7
492,17
522,20
542,12
574,14
593,6
595,5
599,11
610,20
611,14
614,12
618,18
624,18
642,17
655,16
657,18
661,7
673,13
673,19
710,13
742,16
750,12
770,19
772,15
785,20
790,5
798,20
813,10
817,10
819,7
838,11
851,13
857,20
864,19
867,8
892,17
899,9
916,12
930,15
936,20
942,19
949,16
974,7
976,15
976,12
978,15
982,10
-5
4
5
21
25
34
52
60
61
93
94
100
101
107
108
111
120
124
124
126
132
145
155
157
161
169
177
204
208
249
256
267
267
283
305
323
339
341
349
358
404
404
419
420
428
436
437
444
445
451
459
473
485
486
497
507
549
565
588
595
604
605
611
615
626
629
638
642
654
665
673
692
702
745
754
757
767
774
780
786
812
826
826
847
864
870
872
874
882
897
911
919
922
946
947
971
979
980
982
988
