# Primero viene la cantidad (n) de timestamps para ambos, luego n líneas que son un timestamp aproximado cada uno separado por una coma (',') del error, y luego n lineas de las transacciones del sospechoso
100
4,16
7,10
8,20
18,6
25,15
35,20
35,14
74,6
97,20
117,8
134,19
137,12
144,10
149,16
164,11
177,12
185,19
192,17
194,10
195,15
207,16
232,8
252,11
265,13
274,11
282,8
294,16
295,7
295,5
295,17
303,18
322,14
323,17
332,15
332,20
344,8
356,16
367,11
367,8
371,15
374,6
400,6
418,15
431,8
436,18
447,5
453,7
456,7
456,14
463,7
469,10
470,5
476,16
476,6
504,12
517,8
530,9
540,11
568,16
591,8
603,19
623,16
626,19
636,8
655,15
656,10
667,17
674,11
676,18
677,13
695,9
703,10
711,12
712,19
735,20
756,20
759,13
768,14
775,15
781,5
787,6
829,20
836,17
841,14
844,14
860,17
867,5
873,9
881,19
889,16
905,15
917,20
931,8
945,12
951,5
960,6
965,19
971,16
980,18
996,16
-3
14
14
17
25
45
48
68
80
115
124
130
138
148
164
174
174
185
195
209
213
226
254
258
269
275
284
290
290
296
298
311
327
330
343
350
353
367
373
374
375
396
410
425
431
451
453
457
462
466
471
475
475
479
509
512
521
536
572
597
602
633
636
639
645
658
663
663
670
677
696
701
705
715
729
747
759
763
771
786
788
819
827
832
849
864
864
868
878
897
898
915
938
944
954
962
972
982
987
1015
