# Primero viene la cantidad (n) de timestamps para ambos, luego n líneas que son un timestamp aproximado cada uno separado por una coma (',') del error, y luego n lineas de las transacciones del sospechoso
100
31,14
51,16
57,13
64,16
65,12
99,12
105,15
114,11
117,10
129,10
168,16
188,14
196,5
221,15
222,13
225,13
268,14
270,17
272,9
283,10
285,9
301,13
302,16
310,18
315,19
320,6
320,12
323,15
327,11
356,19
361,11
380,6
397,12
440,14
453,8
463,16
482,15
503,15
505,14
513,8
522,17
525,16
527,15
528,11
534,14
545,15
546,16
558,7
569,16
579,19
581,6
596,14
599,19
616,19
622,18
629,18
630,6
642,18
646,11
672,10
686,18
709,19
709,6
716,7
719,7
722,7
735,5
736,19
738,17
738,18
775,20
777,11
790,11
797,15
799,10
821,8
867,19
868,5
876,6
877,19
884,5
893,15
899,13
901,20
904,16
915,6
924,20
931,6
934,8
944,12
945,9
945,15
951,8
959,12
966,14
966,6
976,13
988,5
989,6
994,11
21
59
66
72
79
99
109
118
123
128
174
195
198
215
222
228
265
274
276
277
285
301
307
308
308
316
317
322
330
345
365
381
392
441
453
456
494
509
517
518
519
519
521
521
524
531
539
551
560
576
587
588
588
605
616
626
627
649
655
667
700
707
709
716
717
722
722
727
730
735
769
775
780
805
806
825
871
874
877
883
884
889
891
892
913
918
919
928
929
931
941
943
948
959
960
961
964
988
993
1009
