# Primero viene la cantidad (n) de timestamps para ambos, luego n líneas que son un timestamp aproximado cada uno separado por una coma (',') del error, y luego n lineas de las transacciones del sospechoso
100
2,16
11,6
31,5
73,16
87,14
97,13
122,5
132,20
133,10
135,10
135,17
163,9
165,7
186,20
203,19
206,8
209,15
212,12
260,5
260,10
274,13
278,10
298,17
303,7
304,5
309,15
309,18
310,9
317,8
325,15
327,14
332,20
343,9
361,14
362,16
369,14
370,18
372,17
408,13
416,12
427,16
434,8
434,16
445,13
451,16
452,13
455,20
456,5
461,13
474,15
476,6
492,15
524,15
552,9
574,10
578,16
582,10
589,14
597,13
616,15
619,5
624,5
627,12
635,6
640,10
642,11
667,17
674,15
687,13
703,19
716,10
742,6
745,8
747,6
748,20
749,6
804,19
808,14
813,8
845,16
864,16
876,18
898,8
903,6
910,18
912,10
914,7
918,12
930,10
938,13
950,7
955,13
955,14
955,13
958,12
960,20
963,12
964,17
977,18
985,20
5
7
33
65
86
109
118
125
126
132
140
168
171
191
200
204
222
223
250
258
262
269
300
303
306
310
310
318
320
322
323
335
346
352
358
367
382
383
414
416
429
430
439
445
448
449
456
467
469
472
477
501
526
556
576
579
579
589
594
606
617
621
627
635
638
639
668
675
682
704
706
743
744
746
753
757
794
795
808
836
852
874
897
901
909
914
920
927
928
929
946
948
949
953
958
966
969
971
974
1004
