# Primero viene la cantidad (n) de timestamps para ambos, luego n líneas que son un timestamp aproximado cada uno separado por una coma (',') del error, y luego n lineas de las transacciones del sospechoso
1000
2,9
2,19
3,19
3,14
3,10
4,14
4,11
7,8
7,13
7,18
7,5
9,19
10,10
12,18
12,14
13,19
13,13
15,14
16,14
19,14
26,15
26,18
28,8
29,8
29,18
29,19
32,20
34,15
34,20
36,6
37,11
40,9
41,17
41,17
43,11
44,20
46,15
47,6
48,7
49,20
49,6
50,16
50,10
50,14
51,20
53,10
53,18
53,16
55,10
55,8
56,18
57,8
59,7
59,19
60,18
60,8
61,16
61,7
63,10
63,18
65,5
66,11
68,17
70,6
71,20
72,20
72,7
72,20
74,14
75,9
76,7
77,18
77,12
77,7
78,15
81,19
81,16
84,20
84,16
84,16
86,6
87,6
87,17
87,11
88,15
88,14
90,12
91,17
92,9
93,12
93,12
95,17
97,19
99,8
100,10
101,11
101,8
104,16
105,15
105,11
106,18
108,7
108,5
110,7
111,16
113,12
113,16
114,9
114,20
115,20
116,14
116,19
117,19
118,17
119,13
119,16
119,7
120,19
120,13
121,7
122,9
124,19
125,5
128,18
128,6
130,14
133,17
133,16
135,16
136,20
137,18
138,14
139,10
139,7
139,17
141,7
141,6
142,20
142,19
143,5
143,20
144,16
144,5
145,15
149,15
149,11
150,7
150,20
150,5
154,17
154,11
157,18
157,20
158,8
158,15
158,18
160,19
160,14
161,19
162,8
163,10
163,10
164,14
164,11
164,7
167,18
169,5
170,10
171,6
172,12
173,6
173,16
175,18
175,13
179,17
181,8
181,18
181,10
182,6
183,18
186,5
186,13
187,19
187,7
187,13
187,10
188,20
189,9
192,13
192,10
193,6
193,13
194,19
195,15
195,14
196,11
197,10
197,15
198,15
199,7
199,7
201,9
201,8
202,8
204,5
205,13
206,10
206,20
208,12
211,9
212,14
213,14
215,11
215,11
218,11
221,14
221,17
224,10
224,6
225,15
226,9
227,14
227,16
228,19
229,9
229,12
233,5
234,20
234,5
234,10
235,18
237,9
239,20
240,9
241,10
241,16
242,9
242,10
243,5
243,18
243,17
244,20
244,14
246,15
248,6
248,6
249,13
249,5
250,14
255,13
255,7
257,6
257,18
258,7
258,14
258,19
259,20
260,12
263,19
264,5
264,14
265,10
266,14
268,10
269,11
269,17
269,18
271,6
272,15
273,8
275,7
275,18
277,15
277,16
278,12
280,8
280,10
280,17
280,20
282,19
283,9
283,6
284,7
285,18
286,15
286,8
289,20
289,12
291,6
292,5
294,9
294,13
295,9
295,18
298,8
298,13
298,8
299,11
300,8
300,7
300,16
301,5
302,19
304,14
304,13
305,8
308,5
309,20
310,14
311,18
311,9
312,11
312,14
313,10
313,5
315,17
318,18
318,10
319,14
320,12
321,19
321,17
323,14
328,13
331,19
331,11
331,5
331,18
336,12
336,20
337,20
338,19
339,8
340,16
340,17
344,6
344,13
346,12
346,14
347,20
349,10
350,13
350,18
352,7
353,9
353,9
355,15
358,6
359,8
359,9
360,10
360,19
360,11
362,7
363,10
363,8
364,19
366,10
367,11
367,6
369,8
369,16
370,12
372,6
373,13
376,9
377,10
378,6
378,19
378,10
378,20
379,20
380,13
380,16
382,10
384,20
384,9
385,15
388,14
389,10
389,13
389,14
390,20
391,13
391,11
392,13
392,10
394,16
395,5
395,13
395,5
395,20
397,6
398,7
399,6
399,6
400,9
400,14
400,18
401,19
402,15
402,17
403,15
404,10
404,17
405,12
406,6
407,15
411,15
411,7
413,20
414,14
418,7
419,16
419,15
420,15
420,5
422,18
424,14
425,8
425,13
427,14
430,20
431,15
432,9
433,6
434,15
434,18
434,5
435,13
436,8
436,14
437,7
438,9
440,14
441,9
441,17
443,8
444,10
444,6
444,16
446,9
449,18
449,12
451,7
451,18
454,6
455,17
457,18
458,7
458,9
459,14
460,6
460,9
461,8
462,5
463,9
463,18
464,9
465,5
466,12
467,16
468,6
468,7
469,7
472,18
473,10
474,7
474,15
476,7
477,14
477,8
477,7
477,9
478,18
478,12
480,5
481,18
481,11
482,7
485,8
486,12
486,15
487,20
487,14
489,6
490,7
491,10
491,7
492,13
493,10
493,16
494,5
495,15
496,8
496,20
496,17
497,11
498,7
498,16
498,12
498,12
501,10
501,20
501,9
501,8
502,18
503,20
504,13
504,9
505,10
506,19
507,16
509,12
510,17
511,20
512,20
514,17
515,15
515,10
516,17
517,8
519,7
519,15
519,16
519,13
522,14
522,18
523,19
525,8
526,10
526,7
527,5
528,20
529,15
529,5
529,5
530,20
531,16
531,12
532,6
535,12
536,17
537,17
537,14
538,6
539,12
541,10
542,9
543,8
543,14
544,17
544,15
545,16
545,13
545,11
550,11
550,13
551,7
552,5
552,16
552,13
556,16
557,13
557,5
562,10
562,9
562,9
565,19
565,6
566,11
567,18
567,16
568,5
569,11
569,19
569,19
570,16
570,8
571,15
571,9
572,7
572,12
574,17
574,15
574,20
575,14
576,5
578,14
578,5
579,20
580,15
581,20
583,13
584,12
585,9
587,20
587,13
589,14
589,18
590,20
592,18
594,19
596,12
597,13
598,18
598,14
599,13
599,11
601,10
602,9
607,13
607,7
607,13
608,10
609,12
610,18
611,7
612,6
613,15
618,6
618,9
618,7
618,19
618,7
619,19
626,5
628,11
629,20
631,7
631,15
632,7
632,9
633,16
634,19
635,14
636,7
637,13
637,9
638,15
639,17
640,20
640,12
641,8
642,13
643,11
643,15
644,12
644,10
645,6
645,15
645,7
646,18
647,20
648,5
650,15
653,6
654,6
655,11
655,17
655,8
655,9
657,5
657,14
657,17
657,5
657,7
658,5
658,18
663,5
663,20
663,5
663,6
664,17
665,11
668,19
669,11
670,12
670,16
670,10
671,10
672,16
674,5
675,16
678,9
678,8
678,7
679,18
680,12
681,15
682,12
683,17
683,13
686,7
686,12
689,13
689,9
689,18
690,5
690,9
690,6
691,14
692,12
693,8
695,7
696,14
696,13
696,5
697,14
697,5
700,7
701,8
701,16
702,17
703,18
704,10
704,17
704,19
704,6
705,7
708,6
709,11
710,7
715,17
716,19
717,16
717,8
717,12
719,8
721,19
721,16
722,20
722,9
723,6
724,7
726,9
727,8
729,6
730,17
730,5
733,5
733,10
734,9
734,6
734,16
735,20
736,10
737,14
738,12
739,14
740,7
740,8
740,12
742,7
743,6
744,10
744,13
745,13
746,6
748,13
748,13
749,6
749,8
753,16
753,10
755,6
755,19
756,17
756,16
760,11
762,17
762,13
763,11
764,17
764,16
765,8
766,16
767,16
769,20
770,14
770,9
772,16
775,8
776,17
778,9
778,16
780,6
781,7
784,14
785,16
785,5
786,10
786,11
788,14
790,19
791,13
792,8
792,14
793,14
794,20
795,16
796,20
797,5
797,18
799,12
800,11
801,19
804,16
805,11
805,12
807,16
807,17
811,15
811,13
811,6
812,18
812,5
813,8
814,14
815,19
815,5
816,16
817,10
818,17
819,5
821,7
822,15
824,8
825,14
825,17
825,18
826,18
828,13
828,6
828,6
829,5
829,18
829,10
837,10
837,18
839,13
840,9
841,12
841,18
842,16
842,20
842,16
843,19
843,9
843,6
844,13
845,9
845,17
845,17
847,12
848,11
848,6
853,14
853,17
854,17
858,9
859,19
859,12
861,11
863,10
864,20
866,6
867,14
867,10
869,13
870,15
870,12
870,9
871,15
872,8
872,6
873,9
873,18
874,20
876,13
878,7
880,7
880,11
881,18
881,15
882,6
884,10
885,19
886,17
886,12
888,8
889,8
889,7
890,8
890,5
891,14
891,12
891,15
893,12
893,16
895,15
895,19
895,5
896,9
898,10
898,12
900,6
902,15
902,11
902,7
903,12
904,16
904,11
905,16
906,20
906,19
906,20
907,11
908,17
908,15
909,18
911,5
911,10
916,9
917,19
917,18
920,15
921,17
921,9
922,12
922,19
923,20
923,15
923,14
924,7
924,20
924,5
924,17
925,17
925,17
927,7
928,6
929,17
929,20
932,17
933,10
934,18
934,15
935,9
935,20
936,18
936,20
936,16
936,7
938,11
941,14
944,20
946,11
950,15
952,15
952,11
953,16
954,15
954,19
955,12
959,8
959,7
959,13
960,11
961,17
963,15
963,18
965,5
970,13
973,9
976,17
976,15
976,9
979,9
980,8
980,7
981,13
983,7
984,10
985,14
986,7
986,16
987,18
988,15
988,20
989,16
990,16
992,17
993,7
995,15
996,20
997,10
998,12
999,11
1000,14
-3
3
4
4
6
6
6
6
8
8
11
12
12
12
15
16
16
17
18
19
21
22
23
24
29
31
31
32
33
36
37
38
41
41
42
42
43
43
43
44
45
48
48
49
50
51
51
51
54
56
56
56
57
57
57
57
63
64
64
65
65
67
69
69
70
71
73
74
74
74
75
75
77
81
82
83
84
86
86
86
87
88
89
90
90
91
94
95
96
98
98
99
99
99
100
100
100
101
103
103
105
107
107
107
108
109
110
113
114
116
117
118
119
119
121
122
123
124
125
126
126
129
129
129
130
131
132
132
132
133
135
136
138
138
139
142
143
144
145
146
147
149
149
149
151
152
153
154
156
156
156
156
157
158
160
160
163
163
164
164
164
165
166
166
167
169
169
170
171
173
173
173
173
174
177
178
179
179
180
184
186
186
186
187
188
188
188
189
189
189
191
193
193
194
195
196
197
197
197
198
199
199
200
200
202
203
206
209
209
214
215
216
216
217
218
218
219
221
222
223
224
226
226
226
229
229
231
231
232
234
234
235
236
236
236
237
238
241
243
244
246
246
246
246
246
246
247
249
252
252
252
253
256
257
258
260
261
261
263
263
265
265
266
267
267
269
270
270
271
272
272
273
277
278
278
278
278
280
280
281
281
282
284
284
285
286
288
288
290
292
293
294
295
295
296
297
298
298
298
298
303
304
306
306
306
307
308
308
309
309
312
312
313
313
315
317
318
318
318
320
322
324
325
325
326
326
328
330
331
333
334
335
336
338
340
342
343
344
344
345
346
346
351
352
353
355
357
357
358
360
360
361
361
362
363
364
365
366
366
367
367
369
373
374
374
374
375
378
379
380
380
381
381
383
384
385
385
385
386
386
386
387
388
390
391
391
391
392
392
394
394
395
397
397
398
398
400
401
402
402
402
402
403
405
405
405
406
406
407
412
412
415
415
417
419
419
420
421
425
425
428
428
429
429
429
429
429
429
432
433
435
435
436
437
438
439
441
444
446
446
446
447
448
449
449
453
454
456
458
460
463
464
464
465
465
465
465
466
467
467
467
469
469
469
470
470
470
471
473
473
475
476
477
478
478
479
479
481
481
484
484
485
485
486
486
487
487
489
489
490
490
491
493
494
494
494
494
494
496
498
498
499
499
502
503
504
505
506
506
507
508
509
510
510
510
510
512
514
516
518
518
519
520
520
521
522
524
524
525
527
528
528
530
531
531
532
532
533
533
534
535
536
537
539
540
540
541
541
543
545
546
546
546
546
547
547
548
548
549
549
550
552
554
555
557
557
558
561
561
561
562
567
568
568
570
570
570
570
571
571
571
574
574
574
576
576
576
578
578
579
579
581
581
581
582
584
585
585
587
591
593
593
594
595
596
597
598
599
600
604
607
607
608
608
608
609
612
614
614
616
617
618
618
623
623
623
624
625
628
628
630
632
632
633
634
635
635
635
636
636
637
641
641
642
643
643
643
644
644
644
645
646
646
646
648
650
650
652
652
653
656
657
658
658
658
658
659
659
659
660
660
661
661
661
662
663
663
668
669
669
672
675
677
677
677
677
678
678
680
680
683
683
686
686
687
688
689
690
690
691
692
694
695
696
696
697
698
699
701
701
701
701
702
702
703
703
703
704
707
707
708
709
710
712
714
715
718
719
721
721
722
722
724
725
725
726
728
728
729
729
732
732
733
735
737
737
738
739
740
742
743
744
744
745
745
745
747
748
748
748
748
751
752
752
753
755
757
758
758
760
760
760
761
764
766
767
769
771
771
771
772
774
774
778
779
779
782
782
783
783
785
788
788
788
791
792
793
793
794
795
795
796
797
798
800
802
803
803
803
808
809
810
811
811
814
814
815
815
815
816
818
818
819
819
820
822
823
825
826
826
826
826
828
831
831
832
832
833
833
834
835
837
838
839
839
840
840
841
843
844
845
847
848
848
849
850
851
851
852
852
854
856
858
860
861
861
862
862
863
863
866
866
866
867
870
872
872
873
875
876
876
878
879
880
880
880
881
882
882
883
885
886
889
889
889
890
892
894
894
894
896
896
897
897
897
898
899
900
900
901
901
903
903
904
904
907
908
908
909
909
909
909
912
912
913
914
916
917
917
919
921
921
922
922
922
923
924
924
924
925
928
929
929
929
930
930
931
934
934
934
939
940
943
943
946
946
947
947
947
948
949
951
952
953
953
955
958
960
962
963
963
965
967
970
970
970
971
972
977
978
979
979
979
981
983
984
984
985
986
986
987
990
990
991
994
994
997
1007
1008
1013
