# Primero viene la cantidad (n) de timestamps para ambos, luego n líneas que son un timestamp aproximado cada uno separado por una coma (',') del error, y luego n lineas de las transacciones del sospechoso
1000
0,10
2,14
3,13
4,19
4,19
6,15
6,18
7,14
8,14
9,11
9,12
10,17
10,8
10,16
11,15
11,9
11,7
13,13
14,18
15,17
15,12
16,7
16,16
16,18
17,11
18,13
19,14
20,8
21,11
21,17
23,14
24,16
24,15
24,20
25,17
25,5
26,17
27,20
27,14
27,6
28,9
30,8
33,12
34,11
34,20
34,12
35,5
35,5
36,5
39,6
40,13
41,19
41,19
41,6
42,13
42,7
43,5
44,5
44,12
47,8
48,18
48,12
48,14
51,11
57,12
57,9
59,6
60,8
60,9
60,13
62,12
62,13
63,13
66,19
68,11
68,11
69,11
69,14
69,8
70,13
71,5
72,15
73,11
73,19
75,12
75,17
79,10
80,7
81,13
83,13
83,20
87,17
89,12
89,20
92,9
93,5
94,19
94,7
95,9
97,16
99,15
101,20
101,12
101,10
101,9
102,20
102,6
104,6
105,5
107,17
107,10
107,8
109,6
111,14
111,7
111,16
112,16
112,10
113,18
114,13
115,12
116,9
116,13
117,14
117,17
118,6
118,8
118,19
120,7
121,5
122,18
122,19
122,14
122,16
122,12
123,8
125,13
126,11
126,19
128,18
128,12
129,20
130,9
131,11
131,11
132,12
132,15
132,18
132,11
134,8
136,10
141,5
142,18
145,13
147,16
151,14
151,11
151,11
152,14
152,7
153,18
154,19
157,12
157,20
159,6
160,16
160,5
161,5
162,20
163,19
163,8
165,5
166,9
166,9
166,11
167,20
168,8
169,11
169,14
170,10
171,19
172,19
172,7
173,20
173,8
175,5
176,7
177,10
177,16
179,5
179,16
180,15
181,12
182,16
185,20
185,9
186,13
186,17
187,18
191,11
191,19
192,11
192,12
192,17
195,13
196,15
196,16
196,19
200,19
201,12
203,8
204,12
204,18
205,15
206,7
209,17
209,18
210,19
211,16
213,18
214,9
215,5
218,15
219,12
221,18
224,11
224,16
224,11
226,5
226,17
228,12
229,9
230,12
232,14
232,9
233,16
234,10
239,16
239,14
240,19
240,19
240,5
242,12
243,8
243,17
245,10
246,16
246,13
246,17
246,5
247,20
248,18
248,13
249,14
249,10
251,12
251,19
251,17
254,16
255,14
255,10
256,12
256,12
256,7
257,10
258,5
258,8
260,14
263,6
263,14
264,17
265,18
266,19
270,20
271,20
272,12
274,5
276,15
277,17
278,18
279,8
279,20
279,13
280,13
280,19
281,14
281,14
282,11
282,7
282,20
282,10
283,6
284,15
284,6
285,11
286,12
288,9
289,6
291,17
292,10
292,10
293,20
294,8
296,14
297,13
297,8
298,5
298,11
299,17
299,6
303,11
303,20
304,6
305,16
305,7
305,13
306,15
307,16
307,19
309,9
311,12
311,14
311,15
313,8
313,5
315,12
317,15
317,7
317,9
318,17
320,14
320,11
321,18
321,9
322,19
322,17
323,7
324,6
324,16
325,20
325,12
326,9
328,17
328,9
328,15
329,19
331,9
332,17
332,13
333,6
334,5
338,18
338,20
340,15
340,7
340,15
340,13
341,14
341,15
342,11
342,6
343,12
344,6
345,10
345,8
347,18
347,10
348,12
349,7
350,19
352,16
355,10
356,18
357,8
359,15
359,8
360,14
360,14
363,18
365,7
365,20
366,11
371,11
373,12
376,20
377,18
378,7
381,17
382,6
382,7
385,11
393,16
393,7
394,5
394,15
395,11
395,15
397,13
398,13
398,14
400,18
401,11
402,11
403,17
403,7
406,7
406,19
407,10
407,8
407,16
408,12
409,20
410,12
413,11
414,16
416,8
416,11
418,14
418,16
419,14
420,12
420,19
420,9
422,19
422,12
426,15
427,6
430,15
430,8
431,11
432,8
432,7
434,20
438,7
438,5
440,15
440,15
441,6
441,11
442,19
443,14
444,8
444,9
444,20
444,14
445,9
445,10
445,10
447,5
448,17
449,14
450,10
451,18
451,15
452,6
453,9
457,12
458,10
463,13
463,11
464,5
467,16
467,17
467,9
467,16
468,20
468,11
469,19
470,9
470,12
470,20
473,5
473,5
473,19
474,14
476,11
477,6
479,18
480,15
480,19
481,5
482,15
482,16
483,19
483,19
483,20
484,8
484,7
485,13
485,9
485,12
490,16
490,8
490,18
491,16
491,14
492,10
492,8
493,6
493,11
493,17
493,13
494,13
495,6
495,6
495,12
495,11
498,20
499,12
500,9
500,5
500,15
501,19
502,6
503,10
504,5
505,5
505,20
506,15
507,16
507,11
508,20
508,11
510,14
510,8
513,10
514,9
516,12
517,16
518,18
519,18
521,7
522,15
523,10
524,8
525,18
528,17
530,17
531,9
533,12
533,15
533,18
534,5
539,20
541,12
543,16
543,13
545,16
546,7
547,14
548,15
549,6
550,6
552,11
552,18
553,18
553,20
553,7
554,16
555,14
555,5
556,19
556,18
557,9
557,16
559,12
560,9
561,15
562,5
563,12
564,19
565,11
565,8
566,6
566,14
568,8
569,17
571,7
571,5
572,12
573,16
574,9
575,7
577,18
577,17
579,15
581,14
582,8
582,15
584,5
584,8
585,12
588,5
589,18
590,13
592,13
594,6
595,19
597,15
599,13
599,18
602,11
607,19
607,6
607,15
608,14
608,11
609,10
609,17
610,11
610,19
611,17
612,18
615,17
618,14
618,16
620,5
620,11
621,12
622,15
622,16
623,16
623,11
624,7
625,10
625,10
625,20
627,11
627,19
629,11
629,12
631,11
632,10
632,14
634,19
634,10
634,14
636,17
636,7
636,13
637,7
640,8
640,9
642,10
643,19
643,16
646,6
647,19
648,17
648,17
650,16
653,12
654,10
654,11
656,10
656,11
656,13
657,18
658,20
659,12
659,20
660,14
660,7
661,15
661,12
662,14
662,5
662,20
663,5
663,6
665,13
665,18
665,9
668,14
668,10
669,15
672,15
672,8
672,6
672,11
672,11
674,6
674,20
674,7
675,20
675,18
676,14
677,6
677,18
678,15
678,12
679,14
680,5
680,13
682,10
686,6
687,6
688,15
690,18
691,12
691,8
693,10
695,13
696,19
697,5
697,16
698,11
699,9
700,20
700,20
700,20
701,18
701,7
704,11
705,11
707,6
708,7
709,13
710,19
713,5
714,10
717,14
720,16
722,5
724,6
725,8
725,17
726,11
727,19
730,17
731,7
732,18
737,16
737,10
737,19
739,20
739,15
742,11
743,8
743,17
743,13
744,14
746,19
746,5
746,16
747,19
749,14
751,9
751,14
752,10
752,7
753,19
754,17
755,10
757,10
757,18
760,10
760,7
761,13
762,10
763,15
764,20
766,6
767,9
769,15
770,17
770,6
771,8
771,19
773,12
773,20
773,12
774,5
777,5
778,9
778,9
779,17
780,9
781,14
782,17
783,11
784,19
784,16
785,15
786,5
786,5
786,13
788,14
789,12
791,11
791,19
791,11
792,7
792,15
794,15
795,7
795,16
796,19
796,16
797,16
799,14
800,9
801,11
801,7
801,19
801,13
802,16
804,5
805,8
806,7
807,19
807,8
810,12
810,10
811,14
811,7
811,14
812,11
812,14
814,20
815,13
817,19
819,7
821,11
823,10
823,6
826,11
830,20
830,14
831,5
831,7
831,12
832,11
835,9
835,8
835,12
836,16
837,20
837,12
838,16
838,5
842,18
843,20
845,15
845,8
846,6
846,13
847,15
849,13
851,18
854,6
855,13
856,19
857,16
858,8
860,18
861,17
861,15
862,18
864,19
864,12
867,19
869,12
871,13
871,13
871,9
872,12
872,18
876,5
877,10
878,20
881,20
883,15
884,18
884,14
885,6
887,10
888,18
888,17
889,20
889,20
890,9
890,9
893,10
893,8
894,15
894,12
895,8
895,11
897,15
897,13
897,6
897,13
898,15
899,8
899,19
900,18
900,15
901,11
902,10
902,10
902,8
903,11
903,12
904,14
905,18
905,8
906,20
906,19
909,11
909,20
909,17
912,14
914,20
914,20
914,19
917,7
918,10
919,10
919,14
921,7
923,15
924,10
924,17
925,11
926,5
926,10
927,12
928,20
928,14
929,11
929,5
930,17
931,6
931,13
932,15
934,7
934,13
937,18
937,15
937,15
939,17
940,8
941,8
943,20
944,13
944,20
945,7
946,13
946,17
946,17
947,15
947,18
948,6
948,16
951,5
951,14
953,6
956,9
960,11
960,11
961,5
962,11
964,18
965,13
966,13
967,11
967,10
969,18
970,17
972,15
972,8
972,11
974,17
976,18
976,15
977,11
977,8
977,9
978,9
978,9
979,16
981,9
982,19
982,6
984,16
985,7
986,19
989,13
989,20
990,19
991,15
993,13
993,18
998,15
998,5
998,10
998,9
999,5
1000,6
-2
0
0
4
4
4
5
6
6
8
9
9
11
11
13
14
15
15
15
16
16
17
18
19
19
20
20
20
21
21
21
21
21
22
22
23
23
25
25
26
26
31
31
32
35
36
37
38
40
41
43
43
43
45
45
48
48
50
50
51
52
54
54
54
55
55
57
57
59
65
66
69
69
71
73
73
74
76
76
77
78
79
80
80
82
84
85
85
88
88
88
90
94
96
96
96
98
98
98
98
100
100
100
101
101
104
104
105
105
107
107
107
108
108
109
109
110
111
113
113
114
115
116
116
117
117
118
119
119
120
120
120
121
121
121
122
122
122
124
125
125
127
130
132
133
136
136
137
138
139
140
141
141
143
146
147
148
150
150
152
152
155
156
156
157
158
158
159
159
160
160
160
163
164
165
165
165
165
166
166
168
170
174
176
177
177
178
179
180
182
182
183
184
185
189
189
190
190
191
191
191
195
195
195
198
199
200
201
202
203
205
205
206
208
209
210
210
211
212
212
213
216
216
217
218
219
219
221
222
223
224
226
226
227
229
232
234
235
236
238
238
240
240
240
243
243
244
244
245
245
247
250
250
251
251
251
251
252
252
253
256
257
258
259
260
260
260
261
261
261
261
266
266
267
269
270
272
272
272
273
273
273
275
276
278
278
280
280
280
281
282
282
283
283
284
285
286
288
293
293
293
294
295
295
296
296
297
298
300
301
302
302
304
304
305
305
306
307
307
309
310
310
310
312
312
313
314
314
314
315
315
316
316
317
318
319
324
324
325
326
327
328
328
329
330
330
332
332
335
338
338
338
339
339
339
340
341
341
343
344
344
346
347
347
348
348
348
348
349
349
350
350
351
351
351
352
352
357
362
364
367
367
372
375
376
377
377
382
382
384
385
385
386
387
389
389
390
392
398
398
400
403
404
405
406
407
408
408
408
408
410
410
410
411
413
413
413
416
417
418
419
420
420
421
422
422
425
426
427
427
428
433
435
436
437
437
438
438
438
438
439
441
441
441
443
446
446
446
447
448
449
451
451
453
454
454
456
456
457
457
459
461
465
465
467
468
468
469
470
471
471
473
475
475
477
478
478
478
480
480
480
481
481
482
483
483
484
485
485
485
487
488
488
488
491
492
492
493
495
495
496
497
498
498
499
499
499
499
500
500
500
501
503
504
504
505
506
506
507
508
508
509
512
512
514
514
515
518
519
519
519
521
521
522
522
522
523
524
530
533
534
534
537
537
537
539
539
540
542
545
545
545
546
547
547
548
548
550
551
552
553
556
556
558
559
559
560
562
562
565
565
567
567
567
567
568
569
570
570
571
571
571
571
572
574
575
577
580
581
581
581
582
588
589
589
590
590
591
599
599
602
602
603
605
605
605
606
606
609
610
611
613
613
615
615
617
620
620
621
622
622
623
624
625
625
626
627
629
631
631
632
632
633
633
635
635
636
636
636
639
639
641
642
642
643
645
646
647
649
651
652
652
653
654
654
655
656
657
657
658
658
658
659
659
662
662
663
665
665
665
666
666
666
668
668
671
671
671
672
673
674
675
675
677
678
679
680
680
680
682
683
684
684
685
685
685
686
688
688
690
691
691
692
693
693
694
695
698
698
701
702
703
704
705
705
705
706
708
711
711
712
718
719
721
724
726
726
727
728
729
729
730
730
732
734
737
737
737
737
741
741
742
748
750
751
751
753
753
754
755
755
756
756
756
757
757
758
762
762
763
763
764
766
768
769
769
770
771
771
771
771
771
771
772
775
778
779
781
782
784
785
785
785
786
787
787
788
789
790
791
792
792
793
794
794
795
795
796
797
799
799
800
801
801
802
802
802
802
803
803
804
805
810
811
811
812
815
815
816
816
817
818
819
821
821
821
825
828
829
829
829
831
832
833
833
835
836
836
838
839
840
843
843
843
844
846
848
848
851
851
853
853
854
856
857
859
863
864
865
866
868
870
873
874
874
875
875
876
877
879
879
880
883
884
885
886
886
887
887
887
887
887
890
890
891
891
893
893
893
894
894
895
896
897
898
899
900
901
901
901
902
902
904
905
907
907
909
911
912
913
913
914
914
915
917
917
918
922
922
923
924
925
926
926
927
928
928
929
929
929
930
930
931
932
933
936
936
937
939
939
939
939
941
942
943
944
946
946
947
948
949
949
954
955
956
956
958
960
960
961
961
962
962
962
963
966
968
969
969
970
972
973
973
974
974
976
976
976
977
978
980
983
983
983
984
986
988
989
989
989
990
991
991
994
997
997
998
999
1000
1003
