# Primero viene la cantidad (n) de timestamps para ambos, luego n líneas que son un timestamp aproximado cada uno separado por una coma (',') del error, y luego n lineas de las transacciones del sospechoso
1000
3,18
3,17
4,20
4,11
4,20
5,13
6,20
7,5
8,9
9,8
10,16
11,13
12,6
12,10
12,16
13,10
13,17
13,14
14,16
16,14
16,9
17,16
18,12
18,17
18,12
18,20
19,15
20,18
20,18
21,13
21,19
22,16
24,5
25,6
28,11
29,15
31,17
32,11
33,9
34,10
35,13
36,13
37,6
41,15
42,11
47,18
47,7
48,14
49,7
49,13
51,18
52,14
53,11
53,7
53,17
55,13
55,16
56,12
56,10
56,18
57,11
59,20
60,13
61,15
62,10
64,12
65,11
66,19
67,5
67,16
67,5
69,15
69,7
71,14
71,7
71,20
72,9
75,5
75,8
76,17
76,11
77,8
77,11
78,19
79,18
80,14
81,10
82,7
83,18
83,20
84,15
85,10
85,6
85,8
87,16
87,16
87,15
89,10
92,13
96,17
96,8
97,11
97,8
100,6
100,10
101,5
101,14
103,13
104,8
105,18
107,10
107,10
108,12
111,17
112,9
112,10
113,16
115,11
120,9
123,5
124,9
124,6
124,11
126,10
127,12
128,13
131,18
132,12
134,15
134,18
135,19
137,18
140,16
140,18
142,11
142,9
142,13
143,18
144,9
144,7
144,14
144,7
146,17
146,6
146,13
147,10
150,7
150,15
150,11
151,8
154,19
154,18
155,11
156,5
159,13
160,10
162,9
162,9
163,19
163,12
164,16
164,11
164,19
165,20
165,20
166,6
166,8
168,19
168,12
168,18
169,5
174,9
175,10
176,12
177,17
179,11
180,13
182,17
184,7
184,8
185,18
187,10
187,16
188,14
188,20
188,11
189,5
189,19
189,17
191,20
191,8
192,7
193,13
193,8
194,8
196,18
196,8
197,8
198,9
200,20
201,14
202,14
204,16
206,8
206,5
206,5
207,6
207,10
207,12
207,18
207,8
208,17
209,12
209,5
210,9
210,20
212,12
212,20
214,11
216,6
218,5
218,8
219,19
219,16
219,16
219,5
221,18
222,12
224,13
225,20
226,12
227,11
228,14
231,9
232,17
233,18
234,10
235,14
235,10
236,7
238,9
239,19
242,19
243,8
243,18
244,15
247,19
247,11
248,6
250,5
251,18
251,16
251,14
252,15
253,9
253,17
254,5
254,5
254,11
254,12
254,17
255,20
255,8
256,11
256,19
256,12
256,10
257,7
259,7
259,15
261,5
261,11
261,8
262,13
262,14
263,5
263,12
266,5
266,9
266,5
267,14
267,8
269,15
269,14
271,15
273,10
273,10
274,20
274,9
274,15
274,6
277,9
278,7
279,12
279,9
280,10
281,13
281,11
282,13
282,17
282,7
283,12
283,7
283,20
284,19
284,10
285,9
287,18
288,11
289,15
289,18
290,6
291,19
292,11
293,10
293,6
294,6
295,10
296,5
297,9
298,8
300,9
300,7
300,20
302,17
305,11
305,17
308,5
308,19
308,16
309,9
311,6
312,8
313,17
313,15
314,13
315,14
315,14
321,13
321,17
322,8
323,19
323,9
324,16
324,16
324,15
325,13
326,15
326,8
327,8
328,13
328,5
330,12
331,5
331,8
331,19
332,15
332,16
333,16
334,16
335,15
335,20
337,20
337,10
337,5
340,17
340,15
340,19
342,14
342,5
343,19
343,18
343,13
344,7
347,10
349,14
351,19
352,9
353,10
354,13
355,16
358,5
360,5
362,20
362,6
363,11
363,8
364,6
364,5
364,19
364,11
365,9
365,5
365,7
366,16
366,13
368,11
369,17
369,14
370,5
371,13
371,5
371,15
372,17
372,9
373,19
375,8
376,7
376,8
376,19
377,15
378,18
379,15
380,17
381,5
381,16
381,15
384,17
385,20
387,6
387,11
387,18
387,7
389,10
391,5
393,19
395,17
396,17
396,18
398,6
398,15
398,12
400,5
400,14
401,17
402,6
402,8
402,12
403,5
403,13
407,20
409,16
411,13
412,17
413,6
413,13
415,20
416,6
418,20
422,9
426,13
427,15
428,12
429,10
432,15
432,7
432,19
433,11
434,6
436,20
436,5
436,13
438,15
438,11
439,16
441,8
442,5
442,19
443,5
443,19
445,13
447,16
448,7
448,7
449,9
452,6
452,7
453,7
453,10
454,14
456,15
457,9
458,19
459,19
459,11
460,9
460,20
461,17
462,13
463,11
464,6
464,14
466,15
467,12
467,19
468,6
470,15
470,5
470,15
471,17
471,13
471,17
472,18
472,13
476,18
476,12
479,7
484,17
484,16
485,12
485,7
486,7
486,17
487,7
488,18
488,13
488,11
491,11
492,10
493,6
493,18
494,12
494,18
496,18
496,8
497,15
499,13
499,12
499,18
499,12
501,19
502,16
502,16
503,6
504,9
504,13
505,7
506,7
506,16
507,6
507,19
508,7
509,13
511,14
512,10
514,13
515,6
516,19
517,11
519,13
520,16
521,7
524,19
525,18
526,19
526,9
526,19
527,5
527,20
528,18
529,11
529,18
530,16
531,19
531,7
532,13
534,7
537,17
537,20
538,11
538,8
538,5
540,9
541,17
542,9
546,7
546,9
547,12
551,18
552,9
554,15
555,17
555,12
555,16
557,7
557,13
558,20
564,10
564,5
564,19
565,9
565,18
565,15
565,19
570,12
571,14
571,19
572,15
572,8
573,15
573,13
574,19
574,5
575,7
576,16
577,5
579,6
580,6
582,9
583,20
583,10
586,13
587,5
589,18
589,18
589,12
592,11
592,11
592,18
592,7
593,8
593,5
594,11
594,16
595,6
596,18
597,19
597,16
597,15
601,16
602,11
604,8
609,11
610,8
612,18
613,9
613,9
614,18
614,16
615,11
615,16
615,11
615,12
616,5
619,18
619,10
619,12
621,18
621,15
625,14
625,11
626,20
627,8
628,10
629,19
629,12
631,13
634,8
635,14
639,10
640,16
641,6
641,11
641,20
642,16
642,6
644,13
645,13
649,17
651,7
654,18
655,12
655,14
658,20
658,18
659,20
660,13
661,12
663,9
665,20
666,10
667,8
668,15
669,14
670,14
671,14
672,12
673,6
673,5
678,19
678,11
679,14
680,16
680,9
682,18
683,10
686,16
686,5
687,18
687,20
687,7
688,10
688,11
689,11
690,8
691,16
693,6
695,9
696,14
696,19
697,13
697,8
702,10
702,12
702,9
702,6
703,6
705,5
705,18
706,14
707,5
709,16
709,5
713,13
714,15
715,15
715,8
716,10
717,20
720,19
722,17
723,19
723,6
724,15
724,17
725,14
730,10
732,7
732,18
734,12
735,10
736,11
736,5
737,8
737,12
740,5
741,15
744,7
746,14
748,12
754,16
754,9
754,15
756,9
758,15
759,10
761,6
762,8
763,16
764,13
764,8
764,8
766,14
767,14
768,11
769,17
770,20
770,10
772,5
772,10
772,13
772,14
773,16
773,14
773,10
774,5
775,10
775,7
775,14
776,19
776,10
778,11
779,14
780,11
780,8
781,11
784,9
785,10
785,11
785,13
786,16
786,13
787,6
787,8
788,20
790,10
792,9
794,7
798,7
798,6
798,19
799,13
800,6
800,20
804,10
805,16
805,13
805,17
807,15
808,7
809,20
809,12
810,9
811,11
812,10
812,19
813,8
814,12
815,17
815,17
816,13
816,6
819,19
819,19
820,6
820,8
820,17
821,16
823,5
824,20
824,19
824,6
825,12
825,12
827,17
827,7
828,12
829,8
830,18
835,5
836,20
838,15
839,17
839,15
840,18
841,15
843,9
843,11
843,14
843,18
845,18
847,8
848,10
848,9
850,10
851,13
852,5
854,7
858,9
860,15
864,20
865,15
866,16
867,10
867,8
868,7
869,20
871,5
872,20
873,5
874,19
874,17
876,11
876,10
876,16
877,17
878,17
880,17
882,11
883,5
885,19
887,14
887,9
888,17
889,11
891,14
891,12
892,8
892,15
893,19
893,18
893,10
894,8
896,8
896,16
897,14
899,20
900,17
901,16
902,13
902,17
902,19
904,12
904,13
904,8
905,15
906,20
906,18
907,20
909,16
909,16
912,17
912,11
913,20
913,14
913,14
913,10
914,12
916,12
919,8
921,19
921,5
921,6
923,18
924,15
924,13
924,9
925,5
928,6
930,20
931,6
931,16
933,15
933,7
934,16
937,7
937,5
938,14
939,16
942,7
943,15
943,6
946,7
947,5
947,6
948,20
949,15
951,9
952,13
952,9
952,20
953,11
953,5
958,18
958,15
959,9
960,19
961,16
961,12
961,12
961,9
962,20
962,12
963,19
964,11
965,18
965,8
966,12
967,13
969,7
969,9
972,5
972,5
973,7
974,18
974,15
977,17
977,16
977,5
978,20
979,7
980,19
980,5
980,6
981,15
982,18
983,20
983,14
984,7
985,15
988,9
988,8
989,11
991,17
992,18
994,8
994,17
996,17
998,9
1000,10
-2
-2
-1
1
2
2
2
3
3
4
4
5
6
6
7
8
9
10
11
11
12
14
14
17
18
19
20
20
22
23
24
25
25
28
31
32
32
33
36
37
38
40
40
40
41
42
45
45
45
45
46
47
49
51
51
51
52
52
57
58
58
58
59
59
59
59
59
63
63
63
67
67
67
68
70
71
72
72
73
73
73
75
76
76
77
77
78
79
81
81
82
82
82
83
84
87
88
88
93
94
96
97
98
100
101
102
103
104
104
105
109
110
112
112
113
114
115
116
117
118
120
120
121
123
125
125
131
132
132
135
135
135
136
137
137
137
138
139
139
140
141
142
142
143
146
148
148
149
150
151
152
152
153
153
153
154
155
157
158
160
161
161
161
166
167
168
169
170
171
172
172
172
173
174
174
177
178
180
180
183
184
186
187
189
189
190
191
191
192
192
193
194
194
194
196
198
198
199
199
200
200
200
201
201
202
203
203
203
205
206
209
209
211
211
212
212
215
216
218
219
219
219
220
222
223
223
225
225
226
226
226
229
230
233
233
234
234
234
237
238
238
238
239
240
240
240
242
244
246
246
247
248
249
249
251
251
252
253
254
255
255
256
257
258
259
259
259
260
261
262
262
262
263
264
265
265
267
267
267
267
268
268
269
269
269
270
270
271
272
273
273
273
274
274
275
275
276
278
278
278
279
280
283
283
284
285
286
286
286
287
289
290
291
291
292
293
294
294
295
296
296
301
301
303
303
305
307
307
309
310
310
310
310
312
313
313
313
315
316
317
318
318
319
319
320
322
322
324
330
331
332
333
333
333
333
334
335
337
337
337
338
339
339
339
340
340
341
342
342
348
349
349
349
350
350
350
353
353
355
355
357
357
357
358
358
360
360
360
360
360
361
362
364
365
366
366
368
371
371
371
372
372
372
373
375
375
375
375
376
377
378
378
378
380
380
381
381
384
384
384
386
387
390
391
392
392
393
393
394
395
395
396
396
400
401
401
401
402
404
405
407
407
408
408
409
409
413
415
415
416
418
419
423
426
426
430
431
431
432
432
434
436
436
436
438
439
440
443
443
444
445
446
447
448
449
449
449
452
453
455
456
456
457
458
459
459
462
463
464
465
467
467
467
469
469
471
472
472
475
475
475
477
477
477
479
480
481
482
482
483
484
484
486
487
487
488
488
488
489
494
494
495
496
497
498
498
499
499
500
501
502
504
505
505
505
506
507
509
509
509
510
511
512
512
512
513
513
516
519
519
520
522
522
522
523
523
524
524
524
525
526
528
529
531
532
532
533
536
537
537
540
540
540
542
543
545
547
548
549
550
551
552
552
553
555
556
557
557
558
558
558
559
561
562
563
563
565
566
567
569
570
570
572
573
573
574
578
580
580
581
585
586
586
587
588
588
590
590
592
593
593
594
594
599
599
600
603
603
603
604
606
607
608
609
609
611
613
614
614
615
615
616
616
618
619
620
625
626
627
629
630
630
630
631
631
632
632
633
636
636
636
637
639
640
641
643
645
646
647
648
650
652
653
656
658
659
659
661
663
668
669
672
672
673
673
674
674
674
674
676
677
678
678
679
679
681
683
685
686
686
688
689
690
691
692
693
696
696
696
697
698
701
702
702
702
705
705
708
709
709
710
710
710
710
713
713
715
716
716
721
722
723
727
728
730
731
732
733
734
734
735
737
737
739
740
740
740
741
743
748
753
757
757
758
758
758
761
762
763
763
764
765
766
767
767
768
769
770
770
771
772
772
772
774
775
776
777
777
778
778
780
780
781
781
781
784
786
786
786
787
789
791
791
791
792
794
794
795
795
796
796
797
800
801
801
802
803
804
806
807
809
809
810
811
813
814
814
815
815
816
817
818
818
820
820
820
822
822
823
823
825
825
827
827
830
830
832
832
833
836
839
839
841
842
842
843
844
845
845
846
846
847
849
849
850
852
853
854
857
861
861
863
863
864
866
867
869
871
871
873
873
874
878
880
880
882
883
884
884
884
885
886
887
888
889
890
891
891
892
892
893
893
893
894
894
895
896
898
898
898
898
899
899
900
901
902
902
903
904
906
907
909
910
911
913
915
918
918
919
919
919
921
921
922
922
925
925
925
926
928
929
932
932
933
933
935
936
937
937
944
945
945
945
946
946
947
947
947
948
949
951
951
952
953
956
957
958
959
959
960
963
963
964
964
964
965
966
966
967
967
971
972
972
972
974
974
975
976
976
977
977
977
978
979
980
982
983
984
985
989
989
989
990
991
992
994
1000
1001
1009
1021
