# Primero viene la cantidad (n) de timestamps para ambos, luego n líneas que son un timestamp aproximado cada uno separado por una coma (',') del error, y luego n lineas de las transacciones del sospechoso
1000
0,17
0,19
1,7
2,5
3,8
4,5
5,6
6,11
7,20
7,9
8,15
8,7
10,8
10,10
10,8
11,5
11,13
13,20
15,5
16,14
19,13
20,14
20,16
21,10
22,6
24,8
25,12
25,16
25,11
28,13
30,16
30,16
32,19
34,5
37,16
38,17
39,5
43,20
43,15
46,9
47,16
49,13
50,12
52,13
53,13
53,13
57,11
59,6
59,12
60,7
62,18
63,7
63,10
63,10
64,13
65,5
65,6
66,19
67,19
67,5
68,16
72,5
74,12
74,15
75,16
76,7
76,20
78,12
79,15
81,13
81,8
81,19
81,10
83,19
83,8
83,20
84,6
86,5
86,20
86,17
87,20
90,13
90,20
93,7
94,5
94,5
94,19
95,16
95,13
97,18
100,11
100,12
101,12
103,5
105,7
107,6
108,16
109,11
109,5
109,8
110,9
110,12
111,13
113,16
114,17
115,14
117,11
118,7
119,19
120,18
121,14
122,13
122,6
123,8
125,13
126,17
127,13
128,14
130,10
130,18
130,14
133,6
133,20
133,12
133,20
134,6
134,20
135,12
138,12
140,14
140,11
140,10
141,12
142,5
142,13
142,15
143,14
143,14
144,17
145,13
146,5
149,17
149,11
151,7
151,10
153,11
154,5
155,19
155,10
157,7
157,6
160,20
160,15
162,5
163,11
163,20
164,15
166,5
169,12
170,6
171,5
171,10
172,14
173,19
173,6
173,6
174,9
175,12
176,17
177,11
177,12
177,11
178,20
178,6
183,6
184,19
186,11
186,16
187,14
188,5
188,13
194,12
196,19
196,9
196,9
197,6
198,10
198,9
199,7
201,6
202,20
203,13
204,6
205,16
205,5
206,11
208,9
209,13
210,19
211,19
212,7
213,13
214,16
215,6
216,7
218,10
218,15
219,10
219,16
219,10
221,11
223,10
224,9
225,11
226,7
227,13
227,9
231,8
232,15
233,6
234,8
235,14
235,9
236,8
236,17
238,9
239,13
240,7
240,15
240,16
242,5
242,17
242,10
243,14
245,7
246,11
246,7
246,13
249,18
251,18
252,9
252,5
255,14
256,12
256,12
257,17
258,20
259,15
263,6
265,6
265,19
265,8
265,19
267,18
267,20
268,9
268,13
268,5
268,13
270,8
270,20
271,9
272,20
272,14
273,5
275,12
276,10
278,5
279,15
279,5
282,11
285,7
286,16
286,11
286,19
287,17
289,5
289,9
289,20
292,12
293,17
294,10
296,6
298,12
298,16
299,13
300,19
300,19
300,17
300,15
301,7
302,18
302,18
302,6
302,5
303,12
303,10
304,16
305,9
306,11
307,16
307,14
308,7
309,20
310,20
310,12
316,5
317,11
318,18
320,6
320,6
321,6
323,14
323,6
325,14
325,6
328,9
329,10
330,5
331,12
331,12
334,7
335,17
336,8
336,7
337,6
337,15
340,20
342,18
344,13
344,15
345,17
347,13
347,18
348,15
348,15
351,9
352,5
353,15
353,9
355,19
356,19
356,17
357,18
358,8
361,10
362,16
363,16
364,6
366,6
367,9
367,5
367,8
368,8
368,7
370,8
370,19
370,20
371,10
374,12
374,15
375,13
377,11
377,6
378,14
379,5
380,16
381,15
382,16
383,19
383,11
383,17
385,9
385,11
388,17
388,7
389,16
389,11
389,5
389,13
389,10
389,17
391,11
392,19
393,7
393,5
394,9
394,17
395,20
397,20
399,8
401,18
402,9
403,6
404,14
405,6
408,7
409,9
412,20
416,8
416,13
417,5
417,9
418,7
419,13
420,20
424,19
424,13
424,6
425,12
425,8
426,16
426,9
427,17
432,18
434,16
434,20
435,15
436,6
438,13
440,8
442,15
443,18
445,17
445,7
445,16
446,19
447,18
449,12
451,18
452,11
453,7
453,18
453,10
454,15
454,6
456,16
456,11
458,19
459,16
461,8
461,8
461,12
462,9
463,8
464,13
465,17
465,8
466,8
466,9
467,17
470,10
470,20
472,18
472,7
473,18
474,10
474,11
474,13
476,15
476,9
477,15
478,8
478,20
481,16
481,6
482,19
482,12
483,5
485,8
486,16
486,7
487,14
490,11
490,10
491,6
492,18
492,9
494,17
495,17
496,11
496,15
496,17
497,10
500,12
501,13
501,7
502,19
503,15
504,11
505,15
505,17
508,18
509,8
509,10
510,5
511,13
512,13
514,11
515,15
515,18
516,20
516,13
516,13
517,5
518,12
518,6
518,6
518,5
519,7
520,5
520,11
522,12
522,19
524,18
524,20
524,11
525,13
526,12
527,9
531,13
531,13
534,8
534,5
534,5
534,14
535,6
535,11
536,6
537,12
538,12
539,19
540,14
540,17
540,14
541,10
543,12
544,10
546,17
546,10
547,10
548,5
548,14
549,8
550,9
550,20
552,13
552,16
552,12
554,17
555,7
555,10
557,13
558,18
563,14
564,14
565,10
568,20
570,12
571,17
571,13
574,11
575,5
576,5
577,9
578,14
578,6
579,13
579,11
582,6
582,5
586,17
587,19
590,15
590,9
591,16
593,10
594,15
595,13
600,15
600,16
600,11
600,13
602,8
605,6
605,5
606,11
607,16
608,13
609,12
612,14
617,7
618,17
618,17
618,15
620,20
620,14
622,8
623,10
623,13
623,7
625,20
626,10
627,19
628,13
628,18
628,11
629,6
630,5
630,9
633,5
633,6
635,16
636,17
636,8
636,9
638,8
639,17
639,17
640,6
640,11
642,12
643,19
644,9
644,7
645,6
646,12
647,14
648,18
648,20
649,6
652,14
652,16
653,20
653,8
654,16
655,11
656,19
657,20
658,13
659,10
659,8
664,10
665,14
665,19
666,9
666,8
667,5
669,19
669,9
671,19
672,5
673,20
674,18
675,9
675,13
675,10
675,6
676,15
676,7
677,7
678,20
679,19
680,5
683,10
684,12
686,15
686,16
686,13
689,9
689,8
690,13
690,8
691,17
692,18
694,5
694,11
695,12
696,6
698,7
698,8
699,6
699,8
699,8
700,8
702,10
702,5
703,18
703,15
704,10
706,11
707,6
708,11
708,15
709,11
710,7
710,16
710,11
711,6
713,6
713,14
713,9
716,13
716,6
718,11
719,19
719,11
720,18
720,12
720,7
721,12
721,15
721,18
721,19
722,8
723,5
724,11
725,13
729,8
732,11
734,18
735,18
737,18
738,14
738,11
741,12
741,12
741,17
742,9
743,18
743,11
743,18
745,5
745,13
745,17
745,17
746,9
746,14
748,8
748,18
749,20
749,13
749,7
756,17
756,17
757,9
761,17
761,6
762,15
763,6
763,15
764,5
764,19
765,8
766,19
766,17
767,16
767,16
767,15
767,14
770,13
770,9
770,13
771,10
771,7
772,18
773,19
773,9
774,7
776,14
777,17
777,7
777,7
777,9
777,18
780,17
781,6
783,14
783,11
785,10
790,11
790,14
790,13
791,9
791,13
791,15
792,6
793,8
794,5
797,14
798,15
798,16
799,20
799,8
800,13
802,8
802,7
802,11
805,17
805,14
805,15
806,19
807,5
807,17
807,11
809,10
810,10
810,12
811,17
812,10
812,11
813,13
815,11
815,6
818,19
820,11
820,7
821,17
823,17
825,5
825,7
826,9
826,6
826,11
828,18
828,16
829,18
830,11
830,14
831,16
831,12
831,17
832,6
832,14
833,9
835,12
837,9
839,18
839,12
839,6
839,18
840,6
841,18
842,19
842,14
844,15
844,6
845,16
845,13
847,7
847,20
848,15
848,16
849,14
849,11
850,11
853,20
854,20
855,17
856,19
856,8
857,6
859,18
859,15
862,14
864,13
865,14
866,7
866,19
870,14
871,6
871,19
872,8
872,5
873,7
873,13
876,14
878,20
878,17
879,20
879,7
879,12
879,12
879,15
880,5
881,15
881,11
885,5
885,11
887,7
887,7
887,18
887,16
888,16
888,11
889,19
892,19
893,17
894,19
897,6
897,18
898,6
898,7
898,8
901,8
901,5
904,20
907,19
908,9
908,14
908,7
910,19
911,18
913,12
915,11
915,7
918,16
919,19
919,7
919,8
920,5
924,6
925,8
926,16
926,20
926,5
927,8
928,17
929,11
930,20
930,13
932,18
932,10
933,5
934,16
935,19
936,18
937,6
937,8
940,6
941,12
945,7
945,11
949,20
949,7
951,12
952,20
952,10
953,20
953,7
954,17
955,13
957,17
961,20
962,16
962,13
966,19
969,9
970,8
970,6
970,8
970,9
971,15
971,7
972,9
973,19
973,15
973,8
973,19
974,7
974,12
975,9
975,6
976,5
976,8
976,12
977,16
981,9
981,20
982,11
982,6
982,17
984,20
985,11
986,11
987,6
988,7
988,9
988,6
989,8
989,11
990,17
993,7
993,16
995,15
996,12
998,5
999,6
999,8
1000,9
-11
-5
-4
-3
-2
-1
0
1
2
2
6
7
7
7
10
11
13
13
15
15
16
16
16
16
17
21
22
24
25
29
30
31
34
35
36
36
38
39
43
46
46
47
47
50
50
53
54
56
57
58
59
61
61
62
62
63
64
69
69
69
71
72
73
75
77
77
78
79
79
79
79
80
81
81
83
85
86
87
90
90
90
91
91
93
96
96
98
99
99
100
100
102
102
102
103
103
103
104
105
105
107
110
110
112
112
112
113
113
114
115
118
119
122
123
124
125
126
126
131
132
133
134
135
135
136
138
139
140
141
141
141
143
143
143
144
145
146
146
147
148
148
148
149
149
151
152
152
152
153
155
156
157
160
160
161
161
165
166
166
167
168
168
170
170
170
173
175
176
177
177
178
179
180
180
182
183
183
186
186
186
187
187
189
190
193
195
196
197
198
199
202
205
206
206
207
208
209
210
210
210
211
213
214
215
216
218
218
219
221
222
226
226
227
227
228
228
229
232
232
233
234
234
235
235
236
237
237
237
239
240
240
241
241
242
245
246
246
247
247
248
249
250
251
252
252
253
259
263
263
263
264
264
265
267
269
269
270
270
271
271
272
274
274
276
277
277
278
279
279
280
280
281
281
282
283
285
287
287
287
287
289
290
293
295
296
296
297
297
297
298
299
299
300
303
303
303
304
304
304
305
307
307
312
314
314
315
315
316
319
319
320
320
321
321
322
323
323
323
325
328
328
329
330
331
333
334
336
337
337
339
342
343
343
347
347
350
350
350
350
352
356
356
357
358
361
362
362
362
363
365
365
366
367
369
369
370
371
373
374
375
377
377
377
378
379
381
381
382
383
384
384
384
384
386
387
388
389
390
392
392
393
394
398
399
399
399
400
400
401
401
401
402
402
403
404
407
407
410
412
412
414
418
418
418
420
420
422
424
425
426
429
429
430
430
431
432
433
434
435
436
437
438
438
439
441
442
442
443
445
447
447
451
451
454
455
455
456
458
458
458
458
459
460
461
464
464
465
465
466
466
466
471
472
473
473
474
475
478
479
479
479
479
481
481
482
482
482
482
482
484
484
485
486
487
489
489
490
490
493
494
495
496
497
497
497
497
501
501
501
501
502
502
506
507
508
508
509
510
513
514
515
515
515
516
516
516
518
518
518
519
520
521
522
523
523
524
524
524
530
530
530
531
531
532
532
534
534
535
536
537
537
537
537
538
538
540
542
545
545
546
547
547
550
550
551
552
553
556
556
556
558
559
560
564
564
565
566
566
566
569
569
571
571
572
573
579
579
581
581
582
583
584
585
587
588
589
595
595
596
597
598
601
604
605
605
606
608
609
609
610
610
611
611
611
612
613
615
621
623
625
627
627
629
629
630
630
630
630
631
631
632
632
632
633
633
635
635
635
636
636
637
637
637
642
644
646
646
646
647
648
650
653
654
654
655
655
655
655
657
658
661
664
665
665
667
669
669
669
671
672
672
673
673
676
677
677
677
679
680
681
681
681
682
682
683
685
686
688
688
688
689
691
691
692
693
694
694
694
696
696
697
698
698
698
700
700
701
701
702
704
704
705
706
707
708
709
710
710
711
712
712
713
713
713
715
716
717
720
720
721
722
722
723
725
725
726
727
728
729
729
729
731
732
732
733
733
736
739
740
740
741
743
746
747
747
748
748
748
750
750
751
752
752
754
755
755
756
756
758
759
760
760
760
761
763
763
764
764
764
765
765
765
765
766
766
767
767
771
771
771
774
776
776
776
777
779
779
780
782
784
784
785
785
786
787
788
788
790
791
792
792
792
794
794
796
799
800
801
801
803
804
804
805
807
808
809
810
810
811
812
813
816
817
817
818
819
820
821
821
821
823
823
824
825
825
826
828
828
828
832
832
832
833
835
835
835
836
836
837
837
839
840
841
842
843
843
843
844
845
846
847
847
848
851
852
854
854
856
857
857
859
859
862
862
862
863
863
864
865
865
865
866
866
866
867
867
868
870
874
876
876
876
877
877
878
879
880
881
881
882
883
884
886
889
891
892
896
897
897
898
900
900
900
903
904
904
905
905
906
909
911
912
913
913
914
914
915
919
919
919
919
920
922
923
924
927
927
927
928
928
929
931
932
932
935
936
938
939
942
944
946
947
947
951
951
953
953
954
959
959
960
962
962
963
964
964
966
967
967
967
969
969
969
970
971
972
973
974
974
975
976
977
977
978
979
979
980
981
981
983
983
983
984
985
985
986
986
986
987
987
990
991
992
993
995
995
997
1001
1004
1004
