# Primero viene la cantidad (n) de timestamps para ambos, luego n líneas que son un timestamp aproximado cada uno separado por una coma (',') del error, y luego n lineas de las transacciones del sospechoso
50
27,17
59,14
65,16
116,18
118,9
137,12
146,8
150,7
169,5
194,10
217,10
274,12
289,13
290,14
292,9
294,11
311,18
313,17
346,17
351,11
383,6
401,8
413,10
429,6
446,10
465,20
518,10
519,5
524,16
535,5
546,12
583,9
630,19
660,12
683,20
712,15
728,13
739,16
741,20
753,9
754,18
811,12
831,18
853,6
867,13
891,19
915,13
926,17
967,8
992,12
33
67
70
112
115
137
147
152
166
187
211
274
280
283
287
302
306
311
345
361
380
394
419
431
453
455
515
519
527
537
547
575
635
650
668
710
731
733
754
755
759
823
836
855
872
890
915
940
971
984
