# Primero viene la cantidad (n) de timestamps para ambos, luego n líneas que son un timestamp aproximado cada uno separado por una coma (',') del error, y luego n lineas de las transacciones del sospechoso
50
6,10
37,16
48,9
98,15
105,7
107,5
155,13
158,5
160,5
177,14
191,11
197,11
211,10
240,12
257,11
258,16
287,17
299,11
318,13
330,20
338,11
351,11
459,5
472,5
518,13
559,18
572,6
609,16
610,18
627,12
645,5
658,18
666,10
694,16
697,18
742,10
749,6
768,17
789,15
824,16
844,18
847,7
861,8
864,13
889,6
890,9
933,20
936,5
965,10
999,13
15
27
55
98
102
104
142
163
165
186
189
189
214
249
261
267
285
293
328
336
342
358
458
476
513
570
573
601
619
628
643
660
671
680
688
748
748
771
781
828
835
848
860
863
892
893
930
939
968
996
