# Primero viene la cantidad (n) de timestamps para ambos, luego n líneas que son un timestamp aproximado cada uno separado por una coma (',') del error, y luego n lineas de las transacciones del sospechoso
50
15,20
102,13
117,18
129,10
146,13
173,10
174,5
183,5
191,13
208,11
208,16
224,6
226,7
243,15
246,17
302,14
326,13
364,7
369,13
399,16
412,8
419,17
420,11
437,20
439,18
440,13
500,8
556,8
586,11
622,20
635,17
655,8
696,19
720,15
746,12
757,13
765,16
767,14
782,7
800,8
806,7
867,20
879,6
932,6
950,7
955,6
971,14
974,9
985,12
985,13
0
93
133
137
156
174
177
178
198
198
214
228
229
238
249
293
329
365
366
395
411
427
430
431
447
451
497
556
588
605
651
655
703
718
739
762
765
773
782
798
800
871
882
926
953
957
968
974
982
989
