# Primero viene la cantidad (n) de timestamps para ambos, luego n líneas que son un timestamp aproximado cada uno separado por una coma (',') del error, y luego n lineas de las transacciones del sospechoso
50
15,10
21,6
24,14
62,5
83,20
107,14
123,15
126,17
143,14
154,9
167,13
212,8
228,7
297,17
309,11
338,5
361,16
370,14
387,6
391,13
399,8
420,7
465,18
471,12
492,12
496,16
501,15
516,13
539,18
549,11
571,6
604,13
610,13
613,8
622,18
658,13
663,19
670,9
672,17
748,7
783,19
786,19
816,7
817,20
827,11
828,18
839,10
920,6
987,18
993,15
16
20
32
57
96
111
115
137
138
163
175
208
232
289
300
334
359
361
390
392
406
426
473
482
487
488
504
511
531
557
572
597
607
610
621
648
648
665
671
755
781
794
811
813
827
840
843
926
995
1011
