# Primero viene la cantidad (n) de timestamps para ambos, luego n líneas que son un timestamp aproximado cada uno separado por una coma (',') del error, y luego n lineas de las transacciones del sospechoso
50
16,16
61,6
67,12
103,17
117,15
124,17
126,5
151,14
158,7
294,7
307,20
354,6
356,11
357,15
361,11
365,14
370,12
434,10
447,18
449,7
467,6
476,16
543,11
556,6
583,17
584,11
589,13
593,5
618,6
631,9
640,15
647,14
703,9
713,14
726,8
742,5
759,5
769,11
794,15
801,6
817,10
825,7
862,9
912,6
925,15
932,19
935,16
941,8
954,14
998,18
10
56
57
113
117
128
130
157
160
299
322
344
347
350
351
355
378
444
446
451
472
485
533
555
578
591
591
593
622
629
648
651
701
720
722
746
760
775
800
806
810
819
863
907
924
933
941
941
942
1025
