# Primero viene la cantidad (n) de timestamps para ambos, luego n líneas que son un timestamp aproximado cada uno separado por una coma (',') del error, y luego n lineas de las transacciones del sospechoso
50
20,18
43,16
88,16
132,12
134,17
163,17
175,7
248,18
257,14
261,6
272,11
295,8
326,19
338,20
380,6
453,5
496,20
515,18
518,13
594,14
601,15
619,6
664,12
665,7
681,17
692,6
711,15
712,7
720,11
726,12
728,12
752,14
765,13
790,9
805,11
834,13
834,19
837,17
858,12
862,8
872,18
882,16
886,19
888,15
911,8
920,11
950,17
972,13
977,9
995,20
31
36
85
123
136
151
182
241
256
261
264
301
334
335
375
458
481
509
523
603
615
624
665
671
687
691
717
719
721
723
734
747
756
793
807
820
822
846
856
857
858
878
878
900
917
927
958
973
985
1016
