# Primero viene la cantidad (n) de timestamps para ambos, luego n líneas que son un timestamp aproximado cada uno separado por una coma (',') del error, y luego n lineas de las transacciones del sospechoso
500
3,17
8,17
11,20
12,16
19,20
20,19
21,5
22,16
29,17
32,10
34,15
38,12
39,8
43,10
44,5
48,19
49,5
51,17
51,7
52,8
53,13
53,9
62,17
63,7
63,16
63,6
69,11
70,7
71,13
78,10
78,8
83,6
84,8
86,17
87,17
88,10
88,8
88,7
90,7
93,20
95,13
95,11
95,15
96,13
97,11
98,8
100,9
101,18
102,19
104,14
109,9
115,15
118,14
120,16
121,15
125,12
127,11
127,13
130,8
131,15
142,12
143,10
144,7
151,12
151,15
155,19
157,18
158,12
159,9
159,10
159,5
159,15
159,16
162,16
162,11
163,17
163,8
170,20
172,16
173,18
175,10
181,5
181,17
182,12
182,15
187,12
189,16
193,10
194,10
199,18
206,14
206,20
207,7
209,11
216,13
218,12
218,11
219,8
221,5
222,13
222,7
225,6
232,18
234,19
235,16
239,12
243,12
243,17
243,20
246,10
248,6
249,12
249,9
252,17
254,20
254,19
255,14
262,5
266,18
266,13
269,13
275,15
278,16
279,13
280,14
282,10
284,12
285,15
290,19
292,13
292,7
298,18
302,13
302,5
304,10
305,11
305,5
309,10
309,11
313,6
315,14
316,6
317,18
317,17
317,14
318,13
319,17
319,17
320,14
322,16
324,9
327,7
328,5
333,10
339,6
339,13
339,12
350,11
351,8
352,5
357,16
359,11
361,5
362,10
363,18
364,13
365,17
367,18
368,14
368,13
373,18
374,8
375,13
376,18
377,20
382,16
386,8
393,9
394,10
395,9
399,16
401,20
405,15
405,7
405,12
409,9
411,19
412,15
413,19
416,17
420,8
422,6
428,19
428,12
433,11
434,11
437,18
439,6
442,19
446,6
448,5
450,14
451,11
457,6
458,19
458,14
462,8
463,15
463,8
464,8
465,16
467,16
467,11
474,14
474,11
474,19
475,17
476,9
479,17
479,17
480,8
481,17
483,6
485,14
492,5
492,16
494,8
494,16
495,18
499,15
506,13
507,10
514,19
515,14
519,18
523,15
527,17
530,15
533,15
534,15
537,12
539,6
542,20
544,12
546,8
547,20
549,11
549,17
553,16
553,8
558,9
559,5
559,10
563,7
564,5
565,11
565,18
566,7
577,5
577,10
578,17
580,8
581,12
582,8
583,17
584,16
587,18
587,9
591,5
592,18
592,18
593,20
597,14
599,12
601,5
605,16
606,8
607,13
610,5
611,12
611,6
613,5
615,19
616,17
617,6
617,9
617,20
618,12
619,11
619,12
620,8
621,15
621,11
622,20
623,17
624,18
626,13
630,16
631,20
631,15
635,17
639,17
640,6
640,18
641,12
643,18
645,12
646,18
647,19
648,13
648,9
652,12
652,17
656,14
660,13
662,15
664,17
664,13
670,13
671,9
675,17
678,7
685,15
686,14
686,10
687,8
687,15
690,8
693,6
694,11
696,14
706,5
709,14
709,13
710,19
710,11
714,7
714,19
717,19
718,9
718,10
721,15
722,14
723,9
725,6
727,11
728,15
730,9
732,16
733,14
734,7
737,17
737,14
738,18
740,17
741,7
745,12
745,9
746,9
748,11
749,16
750,17
750,9
752,14
752,14
753,9
753,5
753,19
756,10
757,19
758,8
758,20
758,15
759,14
764,17
768,13
769,5
769,9
769,6
770,16
771,14
772,10
772,16
774,16
777,6
777,9
777,20
779,8
784,19
784,11
785,11
785,6
786,9
789,10
790,11
792,11
798,17
798,15
802,15
804,17
805,7
806,8
807,12
808,9
809,15
810,18
812,18
813,19
815,8
818,9
819,8
820,13
821,15
821,11
821,6
823,6
826,7
828,20
831,7
835,17
837,16
843,10
844,6
844,5
845,5
847,12
847,14
847,11
851,12
857,16
863,13
870,6
875,19
875,7
877,9
877,18
881,18
882,9
885,15
887,8
887,17
887,14
890,10
891,13
891,11
893,12
902,16
902,5
904,18
905,5
905,15
909,8
910,19
910,15
913,9
913,10
916,13
917,13
919,18
922,14
924,6
925,20
925,6
929,9
931,7
933,15
934,18
936,20
936,11
937,5
941,16
949,13
951,17
953,7
953,20
953,6
954,11
954,17
955,6
957,6
963,14
964,15
965,12
965,14
967,10
971,14
973,12
979,19
979,7
981,20
981,13
982,19
989,14
994,11
995,18
997,17
998,5
999,11
999,6
1000,5
-9
9
11
15
16
20
23
23
26
29
29
33
40
47
48
48
49
50
50
53
55
58
61
61
64
68
69
71
72
72
75
76
81
83
85
85
87
88
93
94
95
95
98
99
99
102
104
106
109
111
112
113
115
115
123
127
132
134
135
136
142
143
146
147
147
148
148
154
157
160
160
160
162
165
166
166
168
168
170
170
171
179
181
181
183
187
187
187
188
198
202
209
211
212
216
217
217
218
219
220
222
224
225
230
240
243
243
245
245
247
248
250
251
253
255
257
265
265
266
266
268
271
272
282
282
286
287
288
288
289
290
296
297
297
298
301
301
303
306
309
313
313
315
316
317
318
321
323
325
327
330
330
333
334
334
334
338
344
349
352
356
359
359
363
363
364
369
370
370
376
377
379
383
383
383
385
386
386
387
388
394
394
395
400
409
410
416
417
423
424
425
425
427
434
436
438
444
445
447
452
455
455
457
457
462
464
464
465
466
467
468
468
468
469
472
476
477
477
480
480
481
485
485
487
488
488
495
496
497
498
501
501
506
512
516
526
526
528
533
534
534
535
535
541
547
547
547
549
556
557
560
561
561
565
567
567
568
570
571
574
577
579
580
581
582
582
583
586
592
593
595
597
599
605
605
606
606
606
608
608
609
610
612
613
613
615
616
616
617
617
619
621
621
621
622
625
626
630
635
640
642
642
643
643
644
645
646
649
649
650
651
652
653
655
662
663
664
671
673
676
676
678
680
680
682
688
691
692
693
694
696
697
697
700
705
710
710
711
714
716
718
723
724
724
727
728
728
728
729
730
733
736
736
737
739
740
743
744
745
747
748
753
753
755
756
759
759
761
762
762
764
765
767
769
770
771
772
772
777
778
778
778
779
781
781
781
782
784
785
785
786
790
790
791
791
793
794
798
799
800
800
801
801
801
811
812
814
819
823
824
824
824
824
825
825
827
827
831
834
842
843
843
843
843
845
847
848
854
858
860
862
871
874
874
875
876
879
880
881
882
885
887
890
892
894
896
898
898
900
901
901
902
903
910
919
919
920
920
922
927
931
932
933
934
936
936
937
937
938
944
946
946
950
950
951
952
953
953
954
955
956
959
962
964
966
973
974
977
980
983
984
984
985
990
991
992
992
994
996
1019
