# Primero viene la cantidad (n) de timestamps para ambos, luego n líneas que son un timestamp aproximado cada uno separado por una coma (',') del error, y luego n lineas de las transacciones del sospechoso
500
0,7
4,10
4,9
12,6
16,9
17,15
18,16
25,11
29,7
30,11
30,16
32,11
36,16
38,11
39,17
40,17
41,16
41,19
43,16
44,13
44,9
45,10
54,18
54,17
56,14
57,9
58,17
59,18
60,18
60,5
63,17
64,15
66,5
67,8
68,11
68,8
72,13
73,14
74,14
75,16
77,17
78,16
81,18
82,8
83,11
84,7
85,19
85,10
90,17
93,9
94,10
97,14
100,12
101,8
102,5
105,14
105,9
106,8
110,10
112,19
118,12
119,5
119,15
120,7
125,20
127,7
128,11
132,7
133,13
133,20
134,5
138,12
139,20
140,5
140,18
141,13
141,12
142,9
145,16
148,9
149,16
151,18
151,15
152,19
154,10
155,20
155,12
158,7
159,12
160,15
166,7
167,19
172,10
174,18
175,15
176,6
179,20
181,8
186,17
190,17
190,20
191,17
191,10
191,10
192,5
193,18
199,7
200,20
200,6
201,15
205,13
209,19
209,6
211,12
212,12
216,13
219,9
219,11
221,10
222,10
224,8
226,13
228,9
231,7
234,13
234,13
239,14
245,5
247,7
247,16
250,5
252,6
253,6
254,10
255,6
258,9
258,6
259,19
260,19
262,9
262,20
263,7
264,19
267,19
268,6
272,6
276,19
276,20
277,14
280,18
283,20
284,15
284,5
285,14
288,11
290,10
290,16
293,18
293,20
294,18
295,9
298,15
301,9
303,15
305,7
308,16
310,20
311,19
316,6
317,15
318,11
320,19
323,15
325,16
325,18
325,20
326,9
328,11
329,6
329,15
330,12
334,7
335,8
336,8
337,11
339,8
340,7
343,20
351,13
352,20
354,7
354,10
355,13
356,18
358,20
358,16
359,10
360,16
362,18
362,13
363,9
364,15
366,12
366,6
371,18
375,6
382,13
383,17
384,11
384,10
385,16
385,19
388,18
398,14
401,7
402,19
404,5
408,16
411,8
414,17
414,9
416,10
420,19
421,10
424,19
424,5
425,11
427,12
433,8
434,8
436,9
437,18
439,7
439,13
444,17
445,13
449,7
449,6
450,19
451,11
452,9
453,14
455,18
459,9
460,7
463,15
464,10
468,16
470,18
473,15
475,7
477,5
478,7
480,7
483,5
484,17
486,16
487,19
488,17
490,16
492,15
493,8
493,14
493,18
498,12
501,5
501,12
515,14
517,19
519,6
521,9
522,7
523,6
524,18
532,16
533,14
535,11
536,11
540,13
541,8
542,7
544,7
546,8
550,10
551,16
551,10
553,10
562,7
564,14
565,9
566,8
566,18
566,13
567,7
572,20
572,5
573,5
575,9
579,13
579,10
586,12
587,10
591,5
594,18
595,10
595,11
599,20
599,18
604,17
605,7
608,15
610,12
611,5
613,6
614,19
617,19
618,20
618,15
620,7
621,9
621,7
623,19
623,9
624,10
631,15
632,10
633,10
634,19
634,13
634,7
635,14
639,10
641,5
642,17
650,17
650,15
659,9
663,10
667,5
669,17
670,20
671,8
675,6
676,9
679,11
680,20
681,13
682,10
683,16
683,20
692,18
693,11
696,11
697,6
699,8
701,16
704,17
705,7
708,10
710,16
711,18
717,20
723,9
724,20
726,18
728,7
728,6
731,17
734,18
734,18
735,7
737,8
740,8
740,12
744,13
745,8
748,13
751,7
754,16
758,6
758,15
758,14
760,6
761,13
764,16
766,13
769,20
776,20
777,15
777,10
778,18
782,16
785,6
786,13
786,16
791,9
792,11
796,12
798,9
798,5
801,19
801,19
806,13
808,12
809,9
809,13
814,13
816,15
817,18
817,16
819,8
827,9
828,20
828,12
832,18
834,7
835,8
836,20
838,19
843,14
843,17
847,10
848,10
850,19
853,8
854,10
856,20
858,16
859,20
862,18
867,10
867,19
867,15
867,17
868,15
869,15
872,7
873,16
873,11
876,18
876,16
878,7
879,6
882,9
883,7
883,10
886,19
887,16
888,9
892,14
892,19
892,20
893,13
895,7
896,15
897,13
899,8
899,18
903,15
903,6
904,16
906,16
908,8
908,9
909,16
913,5
914,14
914,12
919,5
920,7
921,7
922,17
924,18
927,11
930,5
930,5
936,10
938,12
938,16
942,6
944,16
947,11
950,11
951,7
953,11
962,16
975,19
977,19
981,7
984,16
986,19
987,18
989,19
991,20
991,19
992,19
992,15
993,8
995,20
997,8
2
5
7
9
13
20
23
28
31
31
32
33
34
37
41
42
42
42
47
47
49
51
52
54
56
57
57
58
58
60
61
63
64
65
65
68
73
76
76
77
78
79
80
81
84
90
90
91
94
97
98
100
101
104
105
106
107
107
108
112
120
123
123
128
129
130
132
133
134
134
135
136
138
139
140
141
142
144
144
147
148
149
150
150
151
157
160
161
165
165
166
168
170
172
172
175
176
181
183
183
184
190
190
194
195
196
198
202
204
204
205
208
209
210
210
212
216
219
222
227
227
227
231
233
237
237
241
245
249
249
250
254
255
256
257
257
260
260
261
262
263
264
265
265
268
271
272
273
276
278
279
289
289
290
291
293
293
294
298
303
304
305
307
308
309
309
309
312
313
314
314
316
317
317
319
326
328
329
333
334
334
334
335
338
339
340
343
343
344
346
346
346
350
350
352
353
353
354
357
362
362
368
369
370
373
376
380
383
386
387
387
392
395
396
396
400
403
405
413
415
417
418
420
422
423
424
428
429
434
435
437
442
444
444
445
446
448
454
456
458
461
462
463
464
466
467
470
471
477
478
479
479
481
482
482
483
485
487
490
491
494
495
496
499
500
502
508
515
524
524
527
528
528
529
529
531
537
539
539
541
544
545
545
550
551
554
561
561
562
562
565
568
568
572
572
572
574
575
578
578
581
589
590
596
596
599
599
601
602
602
603
606
606
608
609
613
616
620
622
623
625
627
628
628
630
631
634
634
639
640
641
642
643
643
651
656
657
661
667
670
671
672
675
677
678
679
682
685
690
690
691
696
696
697
698
699
701
707
715
715
717
718
719
721
722
722
729
738
738
740
740
742
743
743
744
745
746
748
750
754
755
756
757
760
762
765
769
773
778
779
780
782
785
787
789
792
793
794
795
797
798
799
802
804
805
808
808
812
821
823
825
827
828
830
837
841
842
844
845
846
847
847
848
848
850
850
852
857
860
862
864
865
865
867
869
870
871
873
874
878
882
882
884
884
885
885
885
886
888
888
890
892
893
893
894
896
896
898
900
901
901
902
906
908
909
910
911
912
913
914
919
920
921
924
931
932
936
937
940
940
947
949
950
950
954
955
957
965
978
978
983
986
991
995
997
997
997
1002
1003
1006
