# Primero viene la cantidad (n) de timestamps para ambos, luego n líneas que son un timestamp aproximado cada uno separado por una coma (',') del error, y luego n lineas de las transacciones del sospechoso
500
4,14
7,11
11,16
13,20
13,15
16,19
19,13
25,7
28,12
32,19
32,7
33,20
36,18
40,20
41,7
42,5
44,8
44,11
44,10
46,14
47,11
50,8
53,16
54,8
54,11
56,14
59,14
59,5
60,10
61,5
62,9
63,15
63,16
64,15
64,15
64,13
65,13
66,18
68,7
70,20
72,9
76,11
77,11
81,20
83,15
83,15
83,11
84,18
88,12
89,20
93,16
94,10
95,16
95,11
97,14
101,17
102,6
103,5
104,10
106,18
107,17
109,12
112,8
113,7
116,11
116,8
122,14
124,15
126,7
127,19
127,12
128,20
131,10
133,11
134,16
134,8
136,13
137,10
137,5
138,6
139,15
140,12
146,13
147,18
148,17
149,17
150,19
151,15
151,12
154,10
155,12
157,10
159,9
162,16
163,7
163,12
164,9
167,12
168,13
174,16
176,15
183,15
184,10
184,8
185,8
185,12
187,13
191,15
194,19
195,17
197,11
200,10
202,7
208,6
211,12
211,10
214,9
215,13
219,6
222,20
222,19
222,13
225,14
225,10
234,18
235,18
246,15
246,13
250,8
250,16
255,7
255,6
256,6
257,10
257,8
257,15
258,13
259,7
264,12
265,15
266,19
268,7
269,10
278,20
280,5
282,17
284,19
284,15
285,5
290,19
292,18
294,16
297,7
298,16
298,20
300,6
312,11
313,14
315,13
317,14
319,9
321,11
322,13
326,13
327,13
327,10
329,15
329,12
329,16
334,7
337,15
338,7
339,8
340,7
341,6
342,13
343,17
351,13
354,8
354,8
356,8
359,20
361,13
363,5
368,8
371,9
372,7
373,7
379,16
380,18
388,14
391,10
396,18
405,16
408,7
409,6
411,13
412,18
414,14
414,14
416,17
420,5
426,7
431,10
436,7
437,9
438,7
439,5
443,7
448,20
450,12
450,8
450,12
453,13
457,14
462,10
465,6
469,8
469,11
471,5
472,18
477,13
478,12
479,18
480,17
481,7
484,8
492,16
493,20
493,13
493,5
502,8
504,10
505,17
507,13
509,6
513,10
514,6
515,14
520,20
525,19
526,18
527,16
533,20
534,17
535,5
535,13
536,8
537,17
543,11
543,8
546,19
546,7
550,17
553,18
556,7
557,17
560,11
563,12
564,15
566,8
570,20
570,18
571,12
574,10
574,8
576,15
577,5
578,19
578,17
579,13
579,6
581,12
584,5
584,11
585,12
587,10
588,10
589,14
599,6
605,13
607,11
610,12
611,12
616,17
620,16
621,19
621,12
622,15
624,17
625,18
626,14
627,11
628,16
630,16
630,18
633,17
633,19
634,16
639,16
640,18
643,15
644,11
645,14
648,7
653,5
653,10
655,13
658,16
658,13
661,7
667,11
667,6
668,12
668,5
673,7
673,12
674,11
675,8
675,17
676,6
678,19
679,10
681,8
685,18
689,19
689,7
690,18
692,9
693,20
693,17
695,16
695,17
698,15
699,16
701,15
703,6
704,20
704,13
706,13
707,14
708,14
709,20
712,18
712,9
714,11
716,10
719,5
720,7
723,11
723,9
724,6
725,16
728,11
728,7
731,9
731,19
735,12
735,5
736,8
739,5
741,10
743,7
744,13
744,10
750,20
750,19
752,16
754,15
754,11
756,18
757,13
758,9
758,13
759,12
759,17
761,5
761,6
763,17
766,18
766,10
767,20
767,17
772,13
774,7
780,17
781,12
789,10
799,13
800,12
800,10
801,6
803,5
809,15
812,14
812,10
819,9
821,19
823,16
823,10
826,20
827,6
828,5
831,18
831,15
831,5
831,17
831,20
832,14
832,20
832,20
833,12
835,15
836,17
841,8
842,10
846,7
851,6
851,8
852,8
854,6
854,16
855,12
857,5
858,14
859,16
861,9
864,8
866,20
866,10
867,15
867,19
870,12
871,15
875,14
876,11
877,13
880,7
885,7
887,20
887,19
887,18
891,13
893,5
894,17
894,5
897,17
898,6
899,9
900,20
903,6
905,6
906,6
909,14
910,18
911,18
917,15
920,13
923,11
925,7
925,5
927,15
927,14
930,16
934,18
934,9
935,14
937,5
938,9
938,18
938,9
942,11
942,9
942,8
943,5
944,20
945,7
947,17
948,9
953,16
956,7
957,12
957,17
959,8
962,17
965,15
966,5
969,10
975,17
975,11
979,15
980,13
982,16
986,16
989,10
989,9
990,7
990,12
992,6
998,18
6
10
10
13
14
16
17
18
18
20
30
32
33
34
36
39
39
39
49
49
51
51
52
54
55
55
55
56
56
58
59
60
63
63
66
69
70
71
72
73
75
77
77
80
81
82
84
85
91
92
98
98
99
100
101
102
106
106
107
110
114
114
115
115
118
119
119
119
123
128
131
131
132
133
133
135
135
135
136
139
141
142
142
143
144
146
152
152
156
157
157
159
161
161
162
165
165
169
171
173
180
181
181
189
189
191
191
193
202
203
204
205
206
208
208
211
211
212
213
213
217
219
223
223
231
236
244
251
252
254
254
255
256
256
257
257
258
264
269
269
270
271
272
275
278
283
284
284
287
289
292
294
296
297
297
297
307
312
313
315
319
322
325
325
327
331
331
334
336
336
337
337
339
340
342
343
346
348
349
352
355
358
366
366
368
371
376
378
383
390
391
394
395
397
398
401
402
402
409
414
415
419
429
433
437
437
437
438
438
441
446
454
454
457
457
460
461
463
468
469
475
476
478
480
480
483
484
487
490
491
495
502
504
509
511
513
515
515
516
516
517
528
530
532
537
538
540
541
542
543
547
551
552
553
553
553
557
558
559
565
567
567
568
570
571
573
574
576
577
578
578
581
581
582
585
586
587
589
595
597
600
600
607
608
615
615
616
618
619
620
623
625
626
629
631
632
633
635
636
637
638
642
642
647
648
648
654
654
657
664
664
668
670
672
672
673
674
675
676
677
680
680
681
682
683
683
684
687
691
692
693
695
695
695
696
699
700
702
703
704
706
710
713
714
717
718
719
720
721
721
722
723
723
725
727
730
733
734
734
735
736
746
747
748
748
752
752
754
754
755
755
758
758
760
762
764
765
766
767
768
769
770
774
775
778
781
784
792
794
797
799
799
802
804
813
814
816
816
818
820
823
824
827
828
828
828
829
832
833
834
836
840
841
841
843
846
846
849
850
852
852
853
857
857
857
859
860
861
861
864
865
866
869
869
873
874
877
878
880
884
890
892
893
896
896
898
900
900
902
904
904
905
905
907
909
912
914
916
917
918
922
929
931
932
934
935
935
938
938
938
940
940
941
941
942
943
944
946
947
949
955
957
960
961
963
963
963
966
970
970
975
983
984
988
988
991
995
996
1001
1018
