# Primero viene la cantidad (n) de timestamps para ambos, luego n líneas que son un timestamp aproximado cada uno separado por una coma (',') del error, y luego n lineas de las transacciones del sospechoso
500
0,9
2,14
5,6
6,17
8,19
9,7
10,12
13,5
18,6
19,9
21,17
21,12
23,16
24,6
26,16
31,14
32,10
34,19
38,16
39,7
42,17
46,11
46,12
48,6
49,6
49,14
50,19
53,6
54,11
55,13
58,10
58,5
59,9
60,6
63,11
64,5
65,18
67,8
69,17
71,19
71,16
78,5
79,13
81,7
86,7
87,9
95,15
97,5
97,15
104,18
108,17
108,6
108,13
108,7
110,10
111,13
115,5
120,8
130,18
131,20
132,16
134,6
136,12
137,14
147,15
148,13
150,18
152,15
160,14
162,19
163,18
168,14
171,13
173,14
175,19
177,13
178,12
180,18
181,7
183,13
184,9
185,11
186,10
190,5
191,12
193,19
194,20
196,20
197,12
200,17
203,8
205,8
205,15
206,5
208,10
208,15
208,18
208,17
215,8
217,16
217,8
222,11
227,15
227,12
230,16
230,18
230,10
231,12
236,11
237,7
241,14
241,17
242,6
248,12
249,18
251,17
255,10
257,9
257,9
257,16
260,19
270,18
274,9
275,7
275,7
276,8
278,9
279,7
280,16
282,20
284,10
284,19
289,5
289,19
290,14
295,13
298,7
299,16
300,15
300,18
310,13
314,8
314,11
314,7
315,8
317,19
317,9
318,8
319,20
323,18
324,19
327,10
328,6
328,18
333,18
333,7
335,14
338,17
342,20
343,9
344,9
345,13
345,17
348,11
349,6
350,15
350,19
356,20
359,6
359,18
360,15
361,19
363,17
364,18
364,11
365,9
366,13
366,16
368,11
368,5
373,15
373,5
374,18
375,12
377,17
377,9
379,6
379,15
384,12
385,13
387,8
389,15
392,18
395,20
397,8
398,14
402,20
404,20
413,7
415,5
416,12
417,17
423,14
425,8
425,16
425,9
426,10
427,18
428,5
431,8
431,19
431,19
433,15
436,18
436,16
438,6
439,15
441,18
442,6
443,10
450,10
450,13
451,14
452,17
453,16
453,11
454,6
456,7
457,8
460,14
467,8
471,14
471,19
475,8
478,18
482,14
482,8
487,6
488,8
491,9
491,15
504,19
507,9
509,14
510,19
510,8
511,8
512,13
513,10
515,9
516,20
516,20
519,14
519,20
519,20
521,19
521,8
524,16
528,18
532,19
534,15
534,18
539,19
540,13
545,14
546,10
547,18
548,14
551,17
551,14
552,10
553,14
553,6
553,16
556,14
563,7
563,10
566,9
568,12
569,6
569,16
571,16
573,13
574,6
577,5
578,14
578,7
581,14
581,17
583,6
585,17
589,19
591,13
596,12
596,8
597,12
602,19
605,11
605,10
605,16
606,17
606,8
606,19
607,13
608,5
608,7
615,7
616,16
617,8
618,20
619,17
620,6
620,14
620,7
620,8
620,15
621,5
623,9
626,16
626,8
627,6
629,17
631,8
634,13
635,10
637,16
638,11
642,7
643,11
643,5
644,16
644,17
644,11
648,12
648,14
652,13
654,6
654,9
657,5
662,12
669,16
670,7
672,18
677,18
680,15
680,20
681,18
682,9
682,9
686,19
693,16
693,7
693,10
694,5
695,6
695,13
702,6
702,6
702,20
703,13
709,20
709,5
712,17
713,10
714,11
716,13
721,13
723,17
725,16
726,9
730,16
730,11
732,13
735,19
736,18
736,7
738,18
742,12
746,16
750,8
750,15
754,6
756,5
760,13
764,15
766,10
767,7
768,14
768,19
772,13
775,20
776,20
776,10
778,12
783,11
783,18
783,17
785,16
786,6
790,19
790,15
796,9
797,13
806,20
807,7
807,17
807,6
812,17
818,11
822,19
829,5
832,17
835,20
835,12
835,15
838,10
846,10
847,10
847,16
847,14
851,15
852,16
852,12
854,12
854,6
856,16
856,9
859,5
862,17
866,20
867,14
868,15
873,19
873,16
876,20
878,12
878,8
881,11
883,9
883,10
883,17
884,10
886,15
890,5
895,19
897,20
900,13
905,7
906,7
912,12
913,19
915,9
916,14
918,14
919,19
922,10
934,15
936,18
936,6
937,12
941,17
944,15
947,15
949,6
949,9
950,5
955,13
955,17
955,13
958,13
964,7
964,20
965,15
967,10
967,14
968,14
971,11
973,12
973,6
974,19
978,10
978,10
981,18
982,5
985,17
986,6
986,13
986,10
988,19
988,5
988,16
990,19
991,10
991,11
992,12
995,19
995,5
996,10
998,10
1000,10
-4
-1
2
6
6
7
10
10
12
14
14
18
26
31
32
34
36
42
42
43
44
46
46
49
50
52
54
54
54
56
57
58
59
59
60
61
61
66
67
73
76
79
82
83
83
84
98
99
99
103
103
106
107
107
108
114
117
118
123
124
135
136
137
141
143
144
146
154
163
166
166
167
169
171
171
173
174
174
176
181
181
184
188
189
189
193
193
195
199
200
204
204
205
208
209
210
216
216
217
222
222
222
223
228
230
230
230
235
238
242
242
243
244
248
250
252
255
258
259
262
265
269
270
270
271
277
277
279
280
281
285
285
288
293
294
295
302
302
304
308
309
309
311
315
318
318
318
319
321
323
325
327
327
329
329
332
336
336
341
343
344
345
350
351
351
352
353
355
360
361
364
365
365
367
369
370
371
373
375
375
375
376
376
377
377
383
384
385
389
392
393
393
394
395
396
397
399
403
407
409
410
416
420
421
421
422
425
425
426
426
428
432
433
433
434
435
437
441
443
445
446
447
448
449
452
454
455
456
459
459
460
466
475
478
478
481
486
486
490
493
493
494
507
510
512
513
513
516
517
517
520
522
524
524
524
526
527
527
528
530
532
533
534
540
542
548
549
550
553
553
554
554
555
556
558
559
561
565
565
566
567
569
570
571
573
577
577
578
579
582
597
598
598
598
603
604
604
606
606
606
607
608
610
610
611
611
614
615
617
618
620
621
621
623
624
625
625
626
626
627
628
630
630
634
636
637
640
640
641
643
647
648
649
650
655
657
657
657
660
661
663
666
667
669
676
679
683
684
688
689
693
693
695
697
699
700
700
703
703
707
709
710
714
720
721
722
725
728
728
728
730
733
734
739
739
741
742
744
746
750
751
757
758
761
763
763
765
766
770
770
772
774
776
778
781
782
783
783
788
790
791
793
799
801
802
805
810
813
816
821
825
827
836
839
842
846
848
849
852
853
854
855
857
857
857
859
861
862
863
865
868
869
869
873
875
878
879
882
886
887
888
890
890
892
893
903
904
906
907
909
911
919
923
923
925
925
928
929
935
935
935
942
946
948
949
951
951
952
954
954
957
965
965
967
969
969
970
971
971
971
977
978
978
979
980
982
982
983
984
986
986
988
989
993
993
994
997
998
998
1004
