# Primero viene la cantidad (n) de timestamps para ambos, luego n líneas que son un timestamp aproximado cada uno separado por una coma (',') del error, y luego n lineas de las transacciones del sospechoso
500
4,15
5,7
5,20
5,10
6,20
8,8
9,13
9,14
15,10
20,14
22,18
26,5
26,14
26,13
27,19
28,17
29,17
29,20
29,7
31,7
33,10
34,20
35,18
37,10
39,8
51,6
51,7
53,10
53,15
59,9
60,18
65,9
65,8
65,16
67,19
67,20
70,11
74,9
78,6
81,18
81,14
86,17
88,17
89,6
90,16
91,10
95,15
107,13
109,18
110,11
110,18
110,8
111,8
114,19
114,17
117,7
119,14
121,14
122,6
122,14
123,14
124,16
124,5
127,18
128,15
131,18
133,19
139,8
140,8
141,6
141,13
142,8
146,12
147,12
148,14
149,13
150,11
150,5
151,5
153,13
153,19
153,15
154,19
155,20
156,17
157,11
158,13
163,20
168,9
173,19
173,15
174,8
181,9
182,20
186,7
189,16
190,17
190,15
190,19
194,16
195,14
196,12
196,16
199,19
201,7
201,11
203,17
205,19
207,17
207,6
211,19
213,17
216,6
216,15
222,14
222,18
223,19
223,20
225,8
232,10
234,18
239,8
241,5
246,15
247,16
247,18
249,11
250,6
251,12
252,7
252,16
253,17
253,6
255,20
257,9
258,8
261,18
262,14
262,10
263,13
265,16
268,11
269,10
270,17
270,10
270,7
270,7
272,11
273,20
276,19
278,7
278,7
280,9
282,7
289,16
289,19
296,9
297,13
299,14
300,14
301,7
301,6
303,7
306,20
308,15
310,11
311,9
311,8
312,19
313,14
314,16
315,9
316,16
318,10
318,7
322,10
322,20
324,17
330,20
334,12
336,8
337,15
339,8
341,14
344,8
345,7
346,5
348,5
349,7
350,8
354,19
355,7
356,9
358,9
361,6
363,13
366,10
368,8
371,18
372,19
372,15
376,18
376,9
383,19
387,14
390,11
392,15
393,16
394,15
395,17
395,5
396,14
397,14
400,16
401,9
403,19
404,14
412,11
415,15
415,19
416,13
418,10
420,8
423,16
423,9
424,5
425,17
426,5
427,15
428,12
430,14
431,19
431,11
434,9
436,5
440,5
443,13
446,19
446,10
447,13
447,16
449,12
452,7
453,11
453,16
454,8
463,15
467,18
470,7
475,8
477,19
478,18
481,7
484,16
486,12
487,8
488,20
489,9
490,18
490,12
491,20
491,11
494,17
499,6
504,6
505,11
507,12
511,9
512,18
514,8
514,7
514,8
515,11
515,14
521,16
522,9
523,11
526,19
527,19
527,18
527,7
529,17
533,7
534,8
538,10
540,13
541,6
543,19
546,20
551,17
555,7
556,5
557,5
559,9
560,13
562,9
562,20
564,10
566,19
567,20
570,11
570,12
571,11
571,10
572,7
573,14
578,14
582,7
584,19
592,5
595,6
596,20
598,13
600,14
601,17
601,16
601,5
604,13
604,16
606,8
614,5
617,13
629,16
629,12
629,11
630,13
632,18
632,19
634,17
636,13
637,10
637,15
639,12
639,20
640,15
641,11
641,7
643,7
643,19
644,11
650,13
652,19
653,12
655,12
656,12
665,13
667,19
668,6
669,9
673,11
678,14
679,12
680,12
681,15
682,17
688,19
689,6
691,6
691,20
693,13
693,11
694,6
696,11
697,17
703,20
703,6
704,6
705,14
706,11
708,9
710,9
711,19
715,18
718,6
719,13
720,13
725,20
728,12
733,7
733,15
734,20
735,20
735,10
736,17
737,15
738,15
739,19
740,19
742,14
745,8
746,11
750,5
752,18
754,13
755,9
756,6
765,19
767,17
768,13
770,11
770,17
774,12
776,9
779,12
785,13
786,12
787,9
789,20
789,6
790,12
791,8
791,17
793,15
794,6
796,7
801,20
801,20
803,16
804,5
806,6
807,17
808,7
809,20
816,5
819,17
819,9
821,20
821,17
823,9
829,18
834,16
836,16
847,9
847,12
849,14
854,16
859,13
862,17
862,13
863,15
864,16
865,19
870,10
870,15
873,6
873,16
874,18
874,8
874,16
879,10
881,11
882,15
889,14
889,6
890,12
890,18
892,8
892,12
896,20
898,14
900,15
901,19
903,6
907,12
909,15
915,10
919,12
919,17
920,7
922,11
927,15
928,16
934,13
935,13
942,10
946,7
951,11
951,14
955,6
956,5
960,20
962,20
962,9
966,15
968,5
977,6
978,17
978,20
978,18
980,13
982,10
989,19
989,14
991,7
992,12
996,13
996,20
997,15
998,20
999,8
2
6
7
8
13
13
14
17
18
19
22
22
23
26
28
28
29
32
32
38
40
41
44
45
46
49
53
54
54
56
59
60
61
61
66
67
72
72
73
78
82
88
91
93
94
94
100
102
105
110
110
110
111
112
113
114
116
117
118
120
122
122
122
126
126
128
128
129
133
136
136
137
141
143
144
145
145
147
148
150
152
154
155
156
161
163
163
163
171
171
174
176
177
177
180
186
188
188
195
196
197
199
203
206
206
208
210
211
212
213
213
215
216
216
217
217
220
223
229
239
240
241
243
243
244
246
249
250
251
254
256
258
259
259
259
261
262
262
262
263
264
266
267
267
268
268
273
275
277
279
279
282
284
285
285
286
291
292
294
294
300
300
301
302
304
305
305
309
310
311
316
316
316
319
324
324
325
326
326
329
334
335
340
342
343
343
348
349
349
351
351
353
353
358
359
363
365
374
374
375
376
377
384
385
385
385
387
388
392
393
396
397
405
406
406
409
409
411
412
414
416
420
421
422
423
423
424
424
424
427
431
435
436
438
439
439
441
442
444
448
449
451
454
457
458
465
470
474
474
475
476
479
479
479
480
481
484
487
487
488
493
493
498
498
508
509
509
509
511
512
514
517
519
520
520
522
523
525
531
531
532
534
534
534
535
537
540
544
546
551
555
557
558
561
562
562
562
563
564
566
567
568
570
572
573
575
577
586
586
586
588
592
593
593
595
597
597
600
602
609
619
622
625
626
629
629
631
633
634
634
635
635
635
637
638
639
639
639
643
645
649
649
650
651
653
660
666
669
671
671
672
673
677
677
678
682
682
685
690
691
691
692
692
694
699
701
704
707
707
710
711
711
715
718
720
721
726
729
731
731
731
731
733
734
735
737
737
737
743
746
748
750
752
753
755
756
756
769
771
773
774
776
781
784
785
789
789
790
791
792
794
794
795
796
799
800
802
803
806
807
807
808
809
812
820
820
822
823
824
825
832
836
841
846
847
852
855
859
866
867
869
871
871
871
872
873
875
878
881
884
885
885
886
886
886
888
888
889
892
895
897
897
900
906
906
907
912
915
919
923
933
939
944
944
947
948
949
952
952
955
961
963
963
963
971
972
973
974
977
978
978
978
982
992
992
996
1000
1002
1003
1011
