# Primero viene la cantidad (n) de timestamps para ambos, luego n líneas que son un timestamp aproximado cada uno separado por una coma (',') del error, y luego n lineas de las transacciones del sospechoso
500
2,20
2,18
2,10
3,19
4,9
4,18
8,12
10,17
15,9
17,6
17,16
19,16
22,14
22,16
25,10
25,9
31,6
32,20
32,5
37,16
38,7
40,16
42,18
43,5
48,16
50,11
51,19
51,6
57,9
58,5
61,8
66,10
67,9
69,9
69,18
71,17
72,14
72,20
75,20
75,17
81,20
83,9
83,8
86,11
86,6
91,9
91,19
94,5
94,7
96,12
97,6
97,12
97,9
100,17
102,8
104,14
105,20
106,8
107,14
108,19
110,19
110,16
111,8
112,13
112,9
113,8
114,17
118,5
120,7
125,11
125,11
127,18
131,10
134,18
137,19
137,6
138,9
138,20
139,16
141,12
142,19
145,11
148,18
148,14
150,19
152,10
154,10
155,19
158,18
164,16
164,12
169,17
172,5
174,18
176,17
183,13
187,11
188,15
188,5
188,5
188,10
190,16
191,15
192,14
193,10
194,15
194,11
196,6
201,15
202,10
203,10
204,20
205,5
206,20
206,9
208,13
208,8
212,11
214,8
214,12
216,7
218,18
218,18
225,13
226,20
228,7
228,15
229,16
229,16
231,9
232,10
233,5
234,6
241,19
245,13
247,5
248,15
248,18
250,13
252,12
252,20
254,5
255,8
260,16
260,19
261,12
263,11
263,11
263,11
266,11
268,10
269,8
270,19
271,10
273,7
274,15
274,16
275,8
275,10
276,8
279,10
281,8
283,19
284,17
286,17
286,14
287,14
288,15
289,11
292,18
293,5
294,12
296,15
296,8
297,12
299,18
300,13
302,18
302,13
304,8
310,10
312,18
313,12
318,15
318,13
322,11
326,13
328,7
330,17
332,15
339,5
341,18
343,7
345,17
346,5
348,15
349,6
351,6
352,16
353,5
355,19
355,6
364,13
364,11
368,8
369,20
370,17
373,10
373,20
373,8
375,18
380,8
380,14
380,8
383,6
383,6
389,11
391,16
391,10
403,5
403,5
406,12
409,18
420,8
424,10
428,8
429,16
433,10
436,14
442,7
445,16
449,5
453,10
456,18
456,14
457,7
460,9
464,11
464,12
464,20
467,13
467,7
468,19
468,19
469,7
475,19
476,8
479,9
488,9
489,18
494,10
495,12
496,18
505,19
507,19
508,15
511,7
511,20
512,15
512,15
514,5
517,16
521,9
523,10
527,18
528,13
528,10
534,5
534,5
536,11
545,8
545,15
546,18
550,18
552,19
553,9
553,18
554,15
555,13
556,17
556,18
556,12
558,12
560,16
561,10
562,19
568,12
573,11
575,15
580,14
583,8
584,12
588,7
588,17
589,20
595,11
599,5
599,11
601,15
603,20
605,15
607,6
607,11
608,20
617,19
617,7
618,9
623,18
625,6
626,16
626,11
629,8
629,6
629,20
631,18
631,13
633,8
634,16
635,13
636,9
636,12
639,7
639,20
641,11
642,17
643,19
643,15
644,10
645,17
646,10
646,16
648,8
649,10
652,12
653,17
654,10
654,9
657,11
657,8
659,6
659,8
666,17
668,5
669,6
670,13
671,11
673,13
673,11
673,18
674,11
676,17
678,5
679,19
679,17
682,7
682,17
683,12
684,15
685,8
686,10
686,13
690,16
692,15
692,14
693,11
700,20
701,6
701,17
701,19
704,10
708,13
708,11
709,7
710,6
712,15
714,8
717,15
717,9
721,8
726,13
730,15
736,8
741,13
742,11
745,11
745,11
748,19
749,18
753,17
757,11
759,15
761,10
763,19
764,13
765,18
767,14
769,13
770,16
772,7
776,18
779,14
779,10
780,10
780,10
782,10
782,6
785,10
788,20
789,9
790,14
790,13
791,20
798,18
798,11
801,16
811,20
812,17
814,18
814,19
815,15
818,11
819,15
821,17
822,10
822,9
823,18
823,6
826,14
827,18
832,18
836,16
836,12
838,15
845,5
850,16
853,7
858,20
862,19
863,18
866,13
868,16
869,16
872,15
879,11
879,18
881,6
881,6
883,15
887,5
889,10
889,8
889,13
890,5
890,5
893,17
894,12
899,5
900,15
901,8
906,12
907,10
907,8
907,20
909,19
912,12
912,7
913,8
914,15
921,16
921,14
924,17
927,20
930,20
935,18
935,8
938,15
942,17
946,7
946,7
948,10
951,7
954,12
958,6
958,15
958,13
959,14
959,17
965,16
966,18
968,11
971,19
973,16
974,15
978,16
978,12
978,14
980,18
985,16
992,19
999,14
-13
-7
1
2
7
9
9
10
17
19
20
22
22
25
27
30
32
33
36
38
38
40
41
45
53
55
56
58
58
59
60
61
62
66
66
67
67
70
70
77
78
81
85
85
88
91
92
95
95
96
96
97
99
101
101
103
104
104
107
109
111
113
113
114
117
117
119
122
124
124
125
126
128
133
135
135
137
140
141
141
142
144
147
148
149
152
155
158
167
172
176
177
178
178
179
179
180
184
186
186
186
187
191
193
193
193
198
200
201
203
204
207
207
213
213
213
213
213
214
216
217
221
222
223
223
224
224
225
229
229
230
236
238
239
246
246
246
249
250
251
252
257
257
258
258
259
261
262
265
265
265
269
269
270
270
271
273
277
278
278
278
278
282
284
287
288
289
296
296
296
297
299
299
299
300
301
302
302
303
304
306
308
312
319
322
324
324
328
331
331
332
337
341
345
345
349
353
353
355
356
359
360
361
362
365
370
370
371
372
377
380
381
381
382
384
384
385
387
387
399
401
403
414
419
419
420
431
440
443
444
445
453
453
454
455
456
459
461
465
467
468
472
473
476
477
479
481
483
486
486
490
490
501
502
507
507
509
510
514
515
516
517
518
520
525
526
529
533
537
539
539
542
543
543
544
550
552
552
561
561
561
562
563
563
566
567
568
571
571
572
582
586
588
588
589
591
591
592
594
594
595
600
602
607
611
621
623
623
624
624
626
627
628
630
630
630
631
631
632
633
634
635
636
637
638
641
641
642
649
649
652
653
653
656
656
657
657
660
661
661
664
665
666
666
666
667
668
669
679
679
680
680
681
681
686
687
688
688
691
691
693
693
693
695
696
701
705
705
706
708
709
711
712
713
713
716
716
721
725
726
730
735
737
742
746
749
750
753
756
756
757
757
758
769
769
770
771
771
775
775
775
776
776
777
777
779
780
781
781
782
783
784
792
793
795
800
806
814
814
816
817
819
820
820
822
823
827
828
833
836
837
837
845
848
851
852
853
857
859
865
866
866
871
875
879
880
881
883
884
887
887
890
891
892
892
893
894
901
902
902
904
908
909
909
909
911
912
913
917
923
926
927
928
928
931
939
939
949
950
950
950
951
951
953
954
956
957
959
963
964
972
973
973
976
976
981
982
982
997
1015
