# Primero viene la cantidad (n) de timestamps para ambos, luego n líneas que son un timestamp aproximado cada uno separado por una coma (',') del error, y luego n lineas de las transacciones del sospechoso
5000
0,20
0,17
0,13
0,17
0,5
0,9
0,13
0,15
1,20
1,13
1,11
1,9
1,16
1,9
1,16
2,20
2,13
2,12
3,5
3,17
3,20
3,18
3,10
4,7
4,6
4,15
5,10
5,5
5,13
6,19
6,7
6,14
6,5
6,14
7,13
7,9
7,17
8,14
8,8
8,8
8,20
8,16
8,12
8,10
8,17
9,11
9,13
9,7
10,6
10,20
10,14
11,7
11,18
11,17
11,9
12,19
12,8
12,9
12,13
13,6
13,5
13,15
14,9
14,7
14,11
14,5
14,19
14,5
14,14
15,14
15,20
15,8
15,12
15,9
15,5
15,10
16,14
16,5
16,17
16,6
16,6
17,14
17,10
17,12
17,9
18,13
18,7
18,10
18,11
19,14
19,11
19,11
19,9
19,7
19,15
20,14
20,5
20,10
20,15
20,5
20,15
21,18
21,9
21,7
21,16
21,5
21,6
21,6
21,12
21,8
22,16
22,17
23,18
23,19
23,16
24,18
24,17
24,14
24,7
24,18
24,7
25,7
25,11
25,9
25,14
26,15
26,13
27,16
27,6
27,8
27,7
27,10
27,20
28,12
28,14
28,10
28,18
28,5
28,14
29,15
29,20
29,11
29,14
29,20
30,6
30,7
30,19
30,17
30,18
30,9
31,6
31,10
31,19
31,7
31,20
31,12
31,10
32,19
32,16
32,13
32,8
33,11
33,12
33,10
33,6
33,14
33,15
33,8
34,11
34,9
34,6
34,10
34,16
34,17
35,7
35,11
35,16
35,6
35,6
35,11
36,12
36,16
36,6
37,14
37,11
37,19
37,10
37,12
38,10
38,15
38,14
38,10
38,8
38,20
38,5
39,8
39,10
39,9
39,15
40,18
40,16
40,17
40,8
40,16
41,16
42,13
42,14
42,16
42,17
43,10
43,9
43,17
43,19
43,7
43,9
43,12
43,18
44,15
44,20
44,17
44,14
44,12
44,9
44,9
45,12
45,10
45,6
45,16
45,15
45,9
45,8
46,5
46,6
46,14
46,13
46,10
47,16
47,14
47,11
47,9
47,19
48,17
48,14
48,8
48,18
48,17
49,19
49,18
49,9
49,14
49,18
49,15
50,18
50,15
50,20
51,11
51,12
51,16
51,17
51,6
52,13
52,6
52,10
52,11
52,10
52,5
52,12
53,17
53,18
53,9
53,8
53,12
54,9
54,20
54,5
54,7
55,20
55,16
55,13
55,7
55,11
55,6
55,19
55,9
56,12
56,14
56,11
56,18
56,5
56,17
56,5
56,19
57,12
57,11
57,5
58,16
58,20
58,9
58,18
58,18
59,16
59,10
59,7
59,8
60,5
60,10
60,5
60,8
61,17
61,17
61,10
61,7
62,13
62,18
62,8
63,19
63,11
63,9
63,20
64,15
64,13
64,15
64,17
64,15
64,18
64,13
64,11
64,13
64,11
64,20
65,12
65,17
65,7
65,17
65,15
65,6
65,12
66,15
66,16
66,8
67,7
67,10
67,7
67,10
67,15
67,7
68,8
68,12
69,17
69,12
69,7
70,10
70,20
70,19
70,19
70,8
71,7
71,5
71,11
71,11
71,6
72,16
72,10
72,7
72,6
72,18
73,15
73,5
73,18
73,14
73,16
74,6
75,7
75,9
75,17
75,10
75,17
76,9
77,16
77,5
78,14
78,7
79,6
79,11
79,15
79,8
79,10
79,13
80,11
80,5
80,12
80,11
80,5
80,16
80,20
80,19
80,18
81,10
81,18
81,19
81,16
81,11
81,19
82,15
82,19
82,20
82,17
82,20
82,14
82,15
82,9
82,11
83,15
83,18
83,14
84,10
84,6
84,7
84,10
84,15
84,5
84,13
85,10
85,18
85,8
85,12
85,14
86,5
86,6
86,18
87,14
87,16
87,15
87,19
87,6
88,11
88,18
88,19
88,8
88,12
89,6
89,19
89,6
89,7
89,19
89,18
90,18
90,14
90,14
90,15
91,20
91,14
91,10
91,16
91,6
91,15
91,20
92,9
92,17
92,19
92,13
92,11
92,11
92,12
93,12
93,9
93,12
93,9
93,19
93,10
93,7
94,19
94,16
94,5
95,20
95,9
95,13
95,5
95,20
95,14
95,12
96,9
96,17
96,18
96,9
96,20
97,19
97,12
98,16
98,12
98,16
98,11
98,8
98,5
98,8
99,20
99,16
100,14
100,20
100,19
100,18
100,11
100,11
101,18
101,18
101,10
101,11
101,19
101,19
101,5
102,5
102,13
102,9
102,16
102,13
102,13
103,11
103,19
104,12
104,16
104,10
104,20
105,12
105,14
105,12
105,9
105,19
105,12
106,11
106,19
106,6
106,14
106,11
106,11
107,9
107,11
107,17
107,19
108,14
108,17
108,5
108,6
108,12
108,16
109,8
109,12
109,9
109,15
109,6
109,9
110,6
110,15
110,17
110,16
111,18
111,17
111,10
111,18
111,12
112,11
112,17
112,6
112,10
113,13
113,11
113,17
113,19
113,10
113,19
114,10
114,18
114,11
114,12
114,20
115,7
115,16
115,5
115,8
116,15
116,10
116,10
116,10
116,16
116,8
117,18
117,14
118,18
118,15
118,5
118,7
118,18
119,15
119,9
119,20
119,12
119,7
119,9
120,15
120,10
120,14
120,16
120,11
120,6
121,10
121,18
121,7
121,7
121,6
121,13
121,19
122,14
122,5
122,19
123,10
123,9
123,5
123,17
124,8
124,14
124,12
124,19
125,6
125,14
125,14
125,10
125,15
125,17
125,15
126,9
126,16
126,6
126,20
126,5
127,11
127,12
127,15
127,16
127,19
128,17
128,19
128,7
128,10
129,11
129,20
129,6
129,14
129,14
130,13
130,8
131,12
131,12
131,20
131,8
131,5
132,19
132,8
132,19
132,6
132,8
133,10
133,10
133,16
133,19
133,15
133,13
133,17
134,9
134,10
134,5
134,14
134,17
135,7
135,20
135,17
135,14
135,12
135,11
136,13
136,7
136,11
137,18
137,7
137,11
137,6
137,16
138,18
138,9
138,20
139,13
139,19
139,5
139,17
140,19
140,15
140,10
140,6
141,19
141,19
141,17
141,18
142,19
142,11
142,7
142,10
142,14
142,10
143,13
143,14
143,11
143,14
144,18
144,16
144,14
144,20
145,9
145,14
145,11
145,15
145,19
146,15
146,18
146,10
146,11
146,8
147,6
147,20
147,10
147,8
147,9
148,9
148,16
148,9
148,10
148,16
148,8
148,13
149,14
149,20
149,15
149,20
149,13
149,13
150,16
150,19
151,13
151,18
151,15
152,7
152,16
152,8
153,18
153,11
153,13
153,6
153,12
153,19
153,6
154,11
154,18
154,19
154,6
154,20
154,19
154,18
155,10
155,18
155,8
155,18
155,14
155,20
156,5
156,13
156,10
156,11
156,14
157,15
157,5
158,14
158,12
158,15
158,8
158,9
158,19
159,9
159,15
159,11
159,12
159,6
159,16
159,14
159,11
159,14
159,18
159,7
160,14
160,13
160,20
160,20
160,8
160,6
160,15
161,6
161,18
161,20
161,14
161,8
161,5
161,17
161,9
161,14
161,15
162,13
162,15
162,9
162,5
162,13
162,12
162,20
162,6
163,10
163,16
163,15
163,16
164,8
164,19
164,15
164,10
164,11
164,11
165,5
165,10
165,20
165,18
166,19
166,20
166,14
166,5
167,5
167,17
167,15
168,8
168,8
169,11
169,14
170,6
171,12
171,6
171,8
171,12
171,17
171,11
171,15
171,9
172,12
172,5
172,8
172,5
172,8
173,16
173,10
173,5
173,5
173,14
173,16
174,8
174,9
174,7
174,17
174,15
175,19
175,5
175,6
175,12
175,20
175,16
175,17
175,16
175,15
175,15
175,5
175,6
175,18
176,16
176,11
176,5
177,18
177,10
177,6
177,14
177,8
178,17
178,19
178,15
178,17
178,19
178,13
179,10
179,16
179,13
179,6
180,12
180,9
180,11
180,15
180,9
181,19
181,6
181,20
182,16
182,14
182,11
182,8
182,5
182,17
183,14
183,17
183,7
183,19
183,8
183,19
184,19
184,18
184,9
184,13
184,10
184,6
185,7
185,6
185,13
185,9
185,16
185,12
185,5
185,12
187,17
187,7
187,8
187,14
187,15
188,8
188,8
188,15
188,18
188,5
188,10
188,11
188,16
189,6
189,10
189,6
189,17
189,7
189,12
190,17
190,18
190,18
190,17
190,16
191,12
191,10
191,18
191,11
192,19
192,16
192,7
192,16
192,16
192,6
193,7
193,8
193,5
193,13
193,6
193,18
194,12
194,5
194,19
194,10
194,8
194,18
195,7
195,5
195,8
195,6
195,11
195,12
195,8
195,7
195,13
196,13
196,11
196,9
196,16
196,5
196,9
197,9
197,10
197,18
197,17
197,18
197,5
198,13
198,11
198,11
198,16
198,12
199,11
199,8
199,14
200,12
200,7
201,12
201,17
201,20
202,19
202,15
202,7
203,10
203,9
203,15
203,10
203,5
204,5
204,16
204,8
204,17
204,13
205,18
205,13
205,10
205,13
206,19
206,11
206,17
206,15
206,20
206,14
206,20
207,12
207,13
207,20
207,9
207,15
208,6
208,19
209,5
209,7
209,14
209,9
209,14
209,15
209,14
210,16
210,13
210,18
210,19
211,18
211,14
211,9
211,9
211,12
211,5
211,17
212,20
212,16
212,20
213,5
213,11
213,11
213,13
214,20
214,11
214,9
214,11
214,8
215,16
215,17
215,10
215,15
215,19
215,20
216,10
216,17
216,17
216,20
216,15
216,8
216,17
217,12
218,16
218,15
218,16
218,18
219,8
219,5
219,14
219,14
219,16
219,18
219,15
219,14
219,12
220,11
220,17
220,12
220,11
220,14
221,14
222,20
222,13
222,6
222,18
222,17
222,9
222,9
222,9
222,5
222,9
223,9
223,8
223,18
223,13
223,10
223,5
223,19
223,20
223,12
224,15
225,15
225,5
225,15
225,5
225,18
225,13
226,6
226,9
226,8
226,16
226,20
227,11
227,20
227,20
227,18
227,12
227,16
228,13
228,6
228,17
228,13
228,11
228,8
228,6
228,17
229,6
229,19
230,14
230,13
230,17
230,10
230,17
231,14
231,10
231,8
232,8
232,7
232,17
232,13
232,13
233,10
233,13
233,9
233,11
233,11
234,17
234,19
234,20
234,16
234,10
234,6
234,12
235,13
235,6
235,19
235,10
235,13
235,8
236,9
236,14
236,7
236,17
236,13
236,14
236,6
237,6
237,5
237,7
237,14
237,9
237,15
237,17
237,13
238,14
238,18
238,10
238,5
238,10
238,20
239,8
239,8
239,17
239,19
239,20
239,10
239,20
239,7
240,5
240,17
240,19
240,19
240,16
240,9
240,17
240,17
241,17
241,12
242,16
242,5
242,12
243,7
243,12
243,16
243,7
243,10
243,5
243,7
243,11
243,19
244,9
244,18
245,16
245,12
245,11
245,16
245,13
245,11
245,12
246,5
247,6
247,17
247,12
248,18
248,19
249,5
249,13
249,17
249,15
249,12
250,5
250,9
250,16
250,6
250,11
250,10
251,6
251,7
251,9
251,5
251,20
252,5
252,18
252,7
253,14
253,10
253,11
254,19
254,5
255,11
255,6
255,12
255,7
255,14
256,16
256,8
256,9
256,13
257,10
257,5
257,6
257,17
258,15
258,13
258,5
258,14
258,5
258,5
258,5
259,8
259,18
259,15
259,7
260,19
260,19
260,19
260,12
260,10
260,7
260,8
260,19
261,12
261,9
261,9
261,8
261,19
261,10
262,18
262,11
262,8
262,14
262,11
263,18
263,19
263,16
263,9
263,9
264,13
264,15
264,18
265,8
265,20
265,11
265,11
266,7
266,9
266,14
266,6
267,12
267,19
267,5
267,5
267,16
268,14
268,5
268,11
268,6
268,6
268,19
268,11
268,19
269,10
269,20
269,8
269,6
269,10
269,19
269,11
269,16
269,18
270,19
270,13
271,14
271,9
272,6
272,15
272,11
272,11
272,14
272,8
273,20
273,12
273,16
273,12
274,9
274,6
274,13
274,15
274,16
275,16
275,15
275,6
275,13
276,15
276,14
276,6
277,20
277,8
277,14
277,15
277,8
278,15
278,9
278,18
278,9
278,13
278,19
278,18
279,14
279,15
279,17
279,6
279,16
280,18
280,15
280,13
280,17
281,19
281,15
281,14
281,7
281,14
281,6
282,18
282,7
282,20
283,14
283,6
283,20
283,12
283,16
283,5
284,12
284,13
284,12
284,11
284,11
285,15
285,5
285,14
286,12
286,13
286,12
286,19
286,18
287,8
287,16
287,15
287,6
287,11
287,10
288,15
288,7
288,12
288,9
288,13
289,7
289,6
289,19
289,15
290,5
290,15
290,6
290,20
290,14
290,6
291,9
291,5
291,14
291,14
291,20
291,16
292,11
292,13
292,7
293,11
293,13
293,7
293,15
293,6
294,18
295,18
295,13
295,14
295,18
295,15
295,18
295,15
295,16
295,20
296,11
296,18
296,14
297,9
297,5
297,14
297,6
297,5
297,7
297,18
297,8
298,16
298,11
298,16
298,20
298,10
299,12
299,9
300,7
300,6
300,5
301,6
301,11
301,17
301,17
301,16
301,12
301,14
301,12
302,8
302,16
302,15
302,12
302,6
302,20
302,19
302,14
302,12
302,14
302,5
302,13
303,11
303,17
304,16
304,9
304,16
305,16
305,11
305,11
305,17
305,19
305,14
305,16
305,19
306,11
306,6
306,12
306,20
306,17
306,12
306,9
306,7
306,5
307,15
307,10
307,17
307,8
308,7
308,12
308,17
308,12
308,18
309,13
309,5
309,18
309,11
309,10
309,20
310,7
310,16
310,9
310,12
311,14
311,18
311,10
311,10
312,16
312,14
312,19
312,10
312,16
312,9
313,10
313,7
313,12
314,18
314,14
314,5
314,11
314,19
315,7
315,11
315,12
315,15
315,9
316,14
317,6
317,14
317,5
317,7
317,11
317,15
317,11
317,16
317,20
318,13
318,15
318,11
318,8
318,9
319,12
319,17
319,10
319,12
319,13
319,10
319,13
319,17
319,16
319,14
320,17
320,16
320,20
321,15
321,14
321,18
321,7
321,16
321,11
322,17
322,15
322,5
322,12
322,18
323,15
323,16
323,17
323,16
323,10
323,18
323,13
323,14
324,5
324,19
324,19
324,8
324,14
324,17
325,7
325,9
325,5
325,13
325,7
325,18
325,15
325,13
326,9
327,19
327,19
327,9
327,16
327,17
327,16
328,14
328,13
328,15
328,16
329,9
329,11
329,10
329,17
330,15
330,17
330,11
330,6
330,19
330,18
330,17
331,13
331,18
332,11
332,7
332,8
332,13
332,7
332,17
332,5
333,10
333,19
333,11
333,13
333,10
334,17
334,6
335,13
335,12
335,18
335,17
335,14
335,12
335,5
335,12
335,12
336,5
336,18
336,19
336,16
336,9
336,16
336,14
337,20
338,9
338,12
338,12
338,17
339,19
339,5
339,20
339,11
339,17
340,13
340,6
340,15
340,14
340,5
341,11
341,16
341,10
341,16
341,11
341,10
342,10
342,14
343,7
343,15
343,14
343,6
343,5
343,5
344,19
344,16
344,18
344,8
344,8
344,8
345,10
345,16
345,14
346,10
347,20
347,13
347,10
347,10
348,17
348,11
348,17
348,15
348,11
349,8
349,14
349,17
349,20
349,18
350,6
350,15
350,11
351,6
351,9
352,17
352,18
352,5
352,13
352,8
352,11
352,19
352,9
352,11
352,16
353,16
353,20
353,6
353,16
354,16
354,17
354,7
355,19
355,8
355,7
355,18
355,12
355,17
355,9
355,15
356,9
356,20
356,9
356,18
356,14
357,19
357,11
357,15
357,16
357,6
357,9
357,7
358,13
359,9
359,19
359,18
359,20
359,9
360,17
361,15
361,8
361,13
362,18
362,19
362,14
362,9
362,15
362,6
363,11
363,14
364,13
364,12
364,12
364,18
365,18
365,18
365,8
365,17
365,15
365,10
366,14
366,19
366,14
366,8
367,15
367,17
367,19
367,16
367,17
367,5
367,8
367,9
368,15
368,13
368,5
369,12
369,6
369,16
369,12
369,18
369,15
369,20
370,11
370,9
370,19
371,6
371,17
371,9
371,14
371,20
372,5
372,10
372,11
372,18
373,20
373,18
373,6
373,9
373,9
373,5
374,9
374,18
374,17
375,13
375,9
375,16
375,9
375,17
375,16
375,19
376,15
376,20
376,15
376,10
376,20
376,17
376,8
376,17
377,19
377,10
377,18
377,14
377,17
377,13
377,18
378,14
378,15
378,17
378,12
379,17
380,8
380,8
380,8
380,11
381,15
382,12
382,15
382,17
382,14
382,5
383,12
383,18
383,6
383,10
383,10
383,17
384,10
384,5
384,18
384,13
384,18
384,19
384,6
384,15
385,6
385,6
385,12
385,19
385,17
385,11
385,16
385,20
386,10
386,8
386,9
386,5
386,19
387,8
387,16
387,19
387,17
387,6
388,16
388,6
388,17
388,10
389,19
389,16
389,16
390,8
390,12
390,8
390,19
391,10
391,6
391,20
392,7
392,20
392,7
392,18
392,15
393,18
393,17
393,5
393,13
393,16
393,20
394,14
394,15
394,13
394,13
395,6
395,18
395,20
395,20
395,16
396,11
396,6
396,16
396,14
396,19
396,7
396,5
397,7
397,13
397,13
397,16
398,13
398,13
398,19
399,13
399,7
399,11
400,18
400,10
400,13
400,5
400,7
401,11
401,14
401,6
401,10
401,19
401,20
401,18
402,20
402,13
402,14
402,15
402,10
402,17
402,12
402,7
403,8
403,8
403,7
403,5
404,7
404,12
404,20
404,19
404,19
404,6
404,5
404,10
404,13
405,20
405,8
405,10
405,19
405,20
406,14
406,14
406,17
406,9
406,18
406,12
407,9
407,14
407,15
407,14
407,7
407,15
407,16
408,20
408,9
408,10
408,9
408,17
408,7
408,19
409,9
409,10
409,19
409,17
409,13
410,16
410,5
411,10
411,14
411,12
411,14
412,14
412,17
412,20
413,20
413,12
413,13
414,11
414,17
414,5
414,5
414,6
415,17
415,8
415,15
415,16
415,9
415,8
416,6
417,10
417,19
417,13
417,15
417,13
418,11
418,9
418,16
418,19
419,15
419,14
419,6
420,15
420,18
420,12
421,10
421,13
421,10
421,15
421,14
421,18
421,11
421,20
422,18
422,15
422,10
422,5
422,15
422,16
422,18
422,13
423,17
423,18
423,9
423,17
423,16
423,11
423,11
423,10
423,7
423,14
423,10
423,6
424,5
424,8
424,19
424,19
424,6
425,14
425,7
425,18
425,8
425,16
425,12
425,11
425,15
426,8
426,12
426,11
426,17
427,7
427,13
427,12
428,17
428,11
429,19
429,12
429,9
429,20
429,19
429,16
429,15
429,18
430,17
430,8
430,8
431,8
431,15
431,20
431,5
431,6
431,15
432,10
432,8
432,14
432,7
432,17
432,9
432,14
432,16
432,6
432,12
432,18
433,15
434,11
434,5
434,14
434,18
434,8
434,6
434,19
434,7
434,20
434,8
435,8
435,18
436,5
436,18
436,6
436,16
436,13
436,7
437,19
437,16
437,6
437,5
438,10
438,9
439,6
439,13
439,14
439,11
440,6
440,15
440,13
440,8
440,15
441,10
441,15
441,6
441,13
441,7
442,15
442,16
442,15
443,15
443,17
443,7
443,9
443,7
443,12
443,17
443,7
444,9
444,11
444,6
444,11
444,13
444,17
444,6
444,11
445,17
445,13
445,7
445,5
445,13
445,7
446,10
446,8
446,7
446,18
446,18
446,6
446,6
446,8
447,8
447,10
447,15
447,16
447,8
448,12
448,14
448,5
448,6
448,14
449,13
449,7
449,13
449,12
450,20
450,20
450,10
450,15
451,12
451,13
451,13
451,15
452,16
452,20
452,10
452,20
453,14
453,7
453,12
453,6
453,6
453,19
453,5
453,10
453,15
453,5
453,20
453,6
454,16
454,14
454,14
454,9
454,14
455,5
455,11
455,12
455,18
456,5
456,19
456,10
457,8
457,11
457,13
457,18
457,19
458,9
458,19
458,12
458,18
458,9
458,10
459,17
459,14
459,11
459,17
459,19
459,13
460,16
460,19
460,17
461,13
461,12
461,20
461,8
461,17
461,18
461,12
462,6
462,8
462,20
462,12
462,5
462,5
462,10
462,19
462,15
463,18
463,8
463,16
463,20
463,19
463,16
463,13
464,11
464,6
465,9
465,9
465,20
466,6
466,17
466,18
467,13
467,18
467,14
467,15
467,10
467,16
468,18
468,5
468,7
468,17
468,16
468,10
468,19
468,11
469,15
469,19
469,18
469,10
469,10
469,15
470,11
470,19
471,20
471,14
471,5
471,19
471,14
471,12
471,20
471,16
472,14
472,17
472,19
472,9
473,9
473,9
473,9
473,18
474,5
474,13
474,17
474,16
474,6
474,15
474,8
475,6
475,5
475,10
475,14
475,15
475,10
476,16
476,19
476,19
476,6
476,13
476,13
476,9
477,18
477,12
477,19
477,7
477,14
478,17
478,13
478,20
478,7
478,18
478,15
479,18
479,12
479,8
479,11
479,12
479,8
479,19
479,19
480,5
480,15
480,6
480,6
481,12
481,7
481,12
481,15
481,7
482,5
482,19
482,14
482,19
482,18
483,20
483,17
483,8
483,6
483,7
483,12
483,5
484,14
484,11
484,9
484,15
484,17
484,10
484,13
485,5
485,10
485,14
485,8
485,19
485,5
486,17
486,9
486,16
486,6
487,15
487,19
487,10
487,12
487,6
487,15
487,15
487,14
488,11
488,14
489,11
489,12
489,15
489,9
489,11
489,20
489,13
489,16
490,19
490,13
490,12
490,7
490,19
491,20
491,18
491,11
491,11
491,7
491,7
491,20
491,12
492,13
492,13
492,16
492,9
492,9
493,14
493,13
493,14
493,14
493,6
493,13
493,12
493,13
494,18
494,14
494,20
495,14
495,10
495,13
495,18
495,20
495,16
495,6
495,18
496,11
496,14
496,7
496,11
497,10
497,5
497,9
497,8
498,6
498,13
498,12
498,8
498,16
499,13
499,17
499,16
500,17
500,15
500,5
500,14
500,10
500,6
500,10
500,20
500,18
500,6
500,8
501,14
501,13
501,8
501,6
501,20
501,9
501,7
501,20
502,16
502,8
502,15
502,17
502,6
503,18
503,16
503,7
503,16
503,10
503,7
503,13
504,11
504,13
504,5
504,13
504,11
505,13
505,11
505,8
505,18
506,17
506,12
506,19
506,17
507,12
507,9
507,20
507,9
507,8
507,17
507,15
508,17
509,12
509,20
509,20
510,19
510,13
510,19
510,12
511,11
511,11
511,8
511,16
511,14
511,13
512,19
512,20
512,9
512,10
512,8
512,15
513,11
513,5
513,16
513,18
514,6
514,17
514,9
514,8
514,5
515,20
515,18
515,16
516,17
516,19
516,16
516,14
516,17
516,5
516,16
516,14
517,7
517,12
517,13
517,12
517,16
517,13
518,13
518,11
519,13
519,12
519,7
519,7
519,11
519,17
519,20
519,19
519,20
519,12
520,20
520,14
521,12
521,15
521,18
521,20
521,10
521,14
521,12
521,11
521,17
521,13
521,20
522,16
522,14
522,18
522,20
522,15
522,8
523,9
523,14
523,14
523,17
523,10
523,19
523,16
523,5
523,5
523,11
524,18
524,10
524,10
524,16
524,6
524,19
524,18
525,15
525,6
525,18
525,11
525,18
525,5
526,12
526,19
526,12
526,16
527,8
527,8
527,16
527,9
527,10
527,15
527,20
527,8
527,13
527,13
528,16
528,10
528,15
528,15
528,6
528,17
529,14
529,19
529,18
529,14
530,14
530,15
531,18
531,20
531,17
531,15
531,12
531,5
532,15
532,20
532,10
532,18
532,10
532,9
532,11
533,15
533,8
534,14
534,11
534,13
534,8
535,8
535,11
535,5
535,9
535,14
535,17
535,15
536,12
536,16
536,5
537,5
537,6
537,10
538,19
538,14
539,19
539,16
539,5
539,5
540,11
540,6
541,10
541,12
541,16
541,6
541,17
542,12
542,12
542,13
542,5
543,16
543,15
543,14
543,10
543,5
543,14
543,11
544,13
544,9
544,6
545,7
545,5
545,15
545,16
545,6
545,7
545,9
545,10
545,7
545,10
545,10
545,6
546,14
546,8
546,20
547,12
547,15
547,7
548,9
548,12
548,20
548,17
548,16
549,17
549,16
549,9
549,20
549,13
549,12
549,15
549,12
550,12
550,12
550,6
550,11
551,5
551,15
551,13
551,13
551,11
551,9
552,11
552,20
552,20
552,6
552,8
552,15
552,11
552,20
552,13
552,20
552,5
552,8
553,19
553,7
553,17
553,12
553,15
554,12
554,12
554,9
554,6
554,14
554,18
554,10
555,17
556,18
556,14
556,7
556,7
557,6
557,19
557,12
557,11
557,20
557,15
557,10
558,9
558,16
558,10
559,12
559,17
559,8
559,6
560,13
560,19
561,17
561,9
561,19
561,5
562,10
562,20
562,14
562,11
563,7
563,11
563,5
563,5
563,5
563,5
563,10
563,11
564,18
564,6
564,13
564,17
564,16
564,8
565,13
565,8
565,14
566,18
566,15
566,5
566,12
567,15
567,6
567,13
567,18
567,7
567,12
568,5
568,9
568,20
569,15
569,12
569,10
569,7
570,14
570,15
570,10
570,20
570,16
570,10
570,9
570,16
571,14
571,6
571,10
571,11
572,16
573,15
573,7
573,9
573,14
573,15
574,14
574,13
574,8
574,9
575,19
575,7
575,20
575,13
575,8
576,6
576,9
576,11
576,9
576,14
577,11
577,18
577,11
578,14
578,11
579,14
579,18
579,15
579,18
579,20
579,12
579,15
579,11
579,17
580,5
580,14
581,6
581,9
581,10
581,11
581,10
581,6
581,9
582,14
582,14
582,14
582,13
582,14
583,18
583,5
583,16
583,10
583,5
583,17
583,18
584,8
584,14
584,5
584,13
584,8
585,7
585,18
585,17
585,20
585,5
585,10
585,6
586,6
586,13
586,19
586,7
586,7
587,13
587,10
588,7
588,19
588,6
589,9
589,5
589,20
589,5
590,19
590,13
591,5
591,9
591,19
592,5
592,20
592,13
592,7
592,19
592,10
592,10
592,19
592,9
593,20
593,11
593,7
593,16
593,6
593,14
593,7
593,15
593,13
594,14
594,17
594,7
595,19
595,20
595,5
595,13
595,9
595,13
596,5
596,15
596,7
596,8
597,16
597,6
597,13
597,14
597,6
597,17
597,17
597,14
598,9
599,20
599,16
599,8
600,10
600,15
601,20
601,7
601,19
601,8
602,6
602,13
602,11
602,16
603,13
603,5
603,11
603,7
603,11
603,15
603,10
604,6
604,20
604,16
605,18
605,10
606,15
606,11
607,8
607,6
607,10
608,14
608,15
608,12
609,6
609,5
609,13
609,9
609,20
609,6
609,18
611,12
611,10
611,15
611,5
611,13
612,9
613,15
613,16
613,12
614,18
614,12
614,7
615,11
615,19
615,19
616,5
616,16
616,13
616,16
616,5
617,14
617,5
617,15
617,13
617,14
617,14
617,18
618,14
618,12
618,12
618,9
618,17
619,5
619,12
619,14
619,20
619,17
619,17
619,7
620,9
620,16
620,19
620,7
620,12
620,6
621,6
621,8
621,13
621,17
622,6
622,12
622,17
622,19
622,8
622,19
622,7
623,13
623,8
623,16
623,9
623,18
623,10
624,5
624,16
624,12
624,15
624,18
625,13
625,12
625,5
625,9
625,15
625,8
625,17
625,6
625,10
626,7
626,18
627,12
627,16
627,7
628,19
628,8
628,10
629,9
629,9
629,13
629,5
629,16
629,6
629,11
629,8
629,17
630,20
630,10
630,16
630,12
630,18
630,20
631,10
631,12
631,6
632,9
632,15
632,14
632,16
633,8
633,17
633,20
633,14
633,17
634,17
634,15
634,17
634,7
635,18
635,14
635,16
635,20
636,14
636,20
637,20
637,19
637,13
637,15
637,19
637,18
638,7
638,10
638,13
638,11
638,6
638,6
638,9
639,9
639,7
639,19
639,11
639,10
639,16
639,5
640,20
640,14
640,14
640,7
640,16
641,9
641,8
641,7
641,9
641,11
641,5
641,6
641,9
641,8
642,17
642,20
642,16
643,19
643,8
643,7
643,9
643,8
643,15
644,19
644,20
644,5
644,12
644,9
644,10
644,14
645,19
645,17
645,17
646,14
646,9
646,5
647,9
647,14
647,15
647,15
648,13
648,16
648,10
648,5
648,8
648,13
649,6
649,19
649,5
650,8
650,19
650,10
650,5
650,12
651,16
651,20
651,9
652,17
652,16
652,14
652,13
653,17
653,5
653,16
653,13
654,10
654,14
654,5
654,19
654,8
654,17
655,7
655,6
655,8
655,13
656,17
657,13
657,9
657,14
657,7
657,9
657,18
658,5
658,19
658,5
658,7
658,10
659,11
660,12
660,8
660,17
661,8
661,19
661,7
661,16
661,8
662,18
662,5
662,11
662,7
662,6
662,18
663,12
663,18
664,14
664,14
664,14
664,14
664,12
664,8
665,9
665,10
665,6
665,17
666,6
666,16
666,6
666,15
667,12
667,6
667,10
667,14
667,6
667,14
667,18
668,10
668,6
668,13
668,7
668,15
668,19
668,15
668,19
669,12
669,9
669,9
669,14
670,9
670,13
670,16
671,9
671,11
671,16
671,16
672,6
672,11
672,5
672,8
672,17
673,14
673,10
673,5
673,19
674,19
675,18
675,12
675,6
675,19
675,7
675,14
675,19
676,15
676,5
676,17
676,19
676,13
676,14
677,16
677,5
677,12
677,20
677,6
677,10
677,19
678,9
678,7
678,15
678,15
678,18
678,16
679,11
679,19
679,7
679,19
679,14
680,14
680,5
680,17
680,11
680,8
680,5
680,11
680,14
681,15
681,20
681,8
682,19
682,19
682,7
682,10
682,11
682,9
683,11
683,16
683,5
684,6
684,18
684,15
684,13
684,12
684,17
684,15
684,15
685,12
685,8
686,12
686,13
686,18
686,10
686,6
686,13
686,16
686,11
686,15
687,11
687,9
687,11
687,20
687,14
687,5
687,7
688,20
688,8
688,15
689,14
689,16
689,5
690,14
690,20
690,6
691,20
691,9
691,17
691,17
691,16
691,12
691,15
691,17
692,15
692,6
692,8
692,10
692,20
692,9
693,19
694,6
694,14
694,13
694,8
694,8
694,17
694,18
695,12
695,5
695,12
695,16
695,8
696,6
696,14
696,15
696,16
696,12
696,20
697,18
697,17
697,16
698,6
698,7
698,7
699,11
699,12
699,5
699,12
699,15
700,9
700,11
700,9
700,19
700,8
700,7
700,6
701,15
701,11
701,7
702,10
702,9
702,18
702,19
702,14
702,8
703,8
703,15
703,13
703,15
703,19
703,12
704,20
704,19
704,14
704,13
704,6
704,7
704,6
705,14
705,20
706,18
707,7
707,20
707,17
707,6
707,5
707,6
708,12
708,8
708,10
708,17
708,6
708,17
709,7
709,7
709,20
709,17
709,16
709,16
709,10
709,6
710,10
710,7
710,8
710,12
711,11
712,11
712,16
712,18
712,15
712,8
713,6
713,5
714,12
714,19
714,5
714,13
714,5
714,5
714,10
715,18
715,16
715,8
715,8
716,7
716,8
716,10
716,18
716,7
717,20
717,6
717,6
717,10
717,16
717,11
718,13
718,11
718,20
718,17
718,19
719,14
719,14
719,7
719,5
719,9
719,5
719,20
720,9
720,17
720,19
720,20
720,16
720,6
720,9
721,7
721,16
721,12
721,7
721,13
721,6
721,10
721,18
721,8
721,17
722,13
722,5
722,5
722,5
723,11
723,18
723,10
723,15
724,11
724,16
724,9
724,20
724,6
725,9
725,20
725,14
725,16
725,20
725,14
726,17
726,18
726,9
726,19
726,16
727,9
727,20
727,12
727,17
727,12
728,10
728,8
728,11
728,9
728,6
728,17
729,13
729,12
729,13
729,8
729,11
730,19
730,17
731,19
731,17
731,8
731,8
731,14
732,20
732,11
732,15
732,14
732,13
732,10
733,5
733,7
733,8
733,8
734,5
734,5
735,7
735,18
735,7
735,5
735,7
736,8
736,16
736,10
736,19
736,7
736,15
736,15
737,10
737,7
737,12
737,20
737,10
737,10
738,12
738,11
739,17
739,11
739,5
740,9
740,8
740,8
741,14
741,7
741,15
741,14
741,19
741,16
742,10
742,9
742,18
742,15
743,8
743,10
743,7
743,19
743,17
743,9
744,11
744,14
744,14
745,13
745,6
745,17
745,14
745,15
746,17
746,10
746,8
746,10
746,20
746,9
746,11
746,7
746,8
746,18
747,15
747,9
747,10
747,9
747,6
748,6
748,17
748,11
749,5
749,6
749,20
750,5
750,5
750,10
750,20
750,9
750,13
751,11
751,19
752,17
752,15
753,8
753,20
753,17
753,5
754,16
754,8
754,10
754,16
754,13
755,17
755,20
755,8
755,7
756,6
756,5
756,10
756,16
756,5
756,11
757,15
757,12
758,18
758,5
758,14
758,17
758,12
758,7
759,18
759,5
759,17
760,16
761,9
761,15
761,16
761,20
762,19
762,16
762,18
762,11
762,7
762,15
762,20
762,18
762,9
763,20
763,17
763,9
764,19
764,6
764,18
764,14
765,20
765,18
765,20
765,10
765,8
765,17
765,13
765,18
765,20
765,19
766,14
766,12
766,16
766,18
766,11
766,11
767,13
767,13
767,15
767,20
768,11
768,16
768,20
768,18
769,10
769,5
769,14
769,5
770,5
770,6
770,12
770,20
771,6
771,10
772,6
772,19
772,19
773,11
773,12
774,13
774,15
774,16
774,20
774,8
774,5
775,14
775,12
775,20
775,9
775,19
775,16
776,12
776,8
776,13
776,9
777,8
777,9
777,6
777,13
777,13
777,5
777,17
778,19
778,14
778,7
778,6
778,12
779,12
779,14
779,13
779,7
780,7
780,5
780,14
780,6
780,15
781,14
781,6
781,13
781,7
781,13
782,10
782,15
782,13
782,8
782,6
782,5
782,12
782,11
782,10
782,11
783,12
783,13
783,9
783,6
783,18
783,17
784,12
784,12
784,16
784,7
784,7
784,13
784,20
784,13
784,5
785,12
785,6
785,14
785,7
785,17
786,14
786,10
786,6
786,18
786,15
787,17
787,18
787,11
787,18
787,16
787,5
787,19
788,12
788,12
788,16
788,18
788,20
788,14
788,6
789,10
789,5
789,17
789,13
790,16
790,17
790,5
790,19
791,9
791,19
791,12
791,15
791,10
791,9
791,11
792,17
793,10
793,7
793,9
793,13
793,12
793,16
793,8
794,7
794,6
794,20
794,18
794,19
795,13
795,7
795,20
796,14
796,6
797,13
797,19
797,7
797,6
797,10
797,11
798,11
798,14
798,15
799,8
799,15
799,14
799,11
799,5
800,17
800,17
800,11
800,19
800,14
800,19
801,15
801,16
801,14
801,13
801,20
802,14
802,15
802,14
802,20
802,18
802,15
802,16
802,15
803,7
803,17
804,18
804,13
804,9
804,15
804,7
805,15
805,8
805,9
806,13
806,16
806,15
806,14
806,15
806,17
806,7
806,7
807,6
807,9
807,16
807,18
808,9
808,12
808,18
808,8
809,14
809,10
809,15
809,15
809,20
809,17
809,17
810,14
810,11
810,19
810,6
810,11
810,16
810,14
811,11
811,19
811,6
811,18
811,7
811,13
811,19
812,17
812,16
812,8
812,19
812,14
812,6
812,6
812,12
813,12
813,14
813,20
813,11
813,20
813,10
813,16
814,13
814,19
814,16
814,8
814,10
815,11
815,19
815,7
815,5
815,10
815,13
815,17
816,18
816,13
816,18
816,6
816,16
817,18
817,7
817,14
817,18
817,10
818,13
818,6
818,17
818,9
819,12
819,15
819,18
819,19
819,6
820,15
820,8
820,6
820,8
820,14
821,20
821,14
821,13
821,12
821,18
821,18
821,7
821,15
821,11
822,19
822,5
822,9
822,17
822,10
823,7
823,8
823,8
823,11
823,5
823,5
824,14
824,14
824,9
824,8
824,15
824,14
824,11
825,11
825,14
825,19
825,17
826,12
826,10
826,18
826,18
827,10
827,11
827,7
827,11
827,20
827,5
827,7
827,20
828,10
828,11
828,16
828,12
828,20
829,20
829,12
829,14
829,10
829,7
829,14
830,12
830,11
830,12
830,8
831,5
831,17
831,11
831,8
832,12
832,8
832,15
832,5
833,14
833,9
834,9
834,18
834,14
834,13
835,12
835,19
835,8
835,5
836,6
836,17
836,9
836,12
836,20
837,9
837,9
837,16
837,8
837,8
837,9
837,18
837,5
838,6
838,11
838,9
838,15
838,12
838,19
839,15
839,19
839,10
839,10
839,8
840,20
840,8
840,6
840,12
840,9
840,20
840,17
841,14
841,15
841,11
841,19
841,7
841,7
841,14
842,15
842,12
842,16
843,14
843,14
844,7
844,14
845,6
845,19
845,7
845,20
845,13
845,16
845,15
845,18
845,15
845,7
845,8
846,14
846,10
846,12
846,16
846,17
847,7
847,8
847,8
847,17
847,12
847,15
847,13
847,10
847,10
847,8
847,12
847,7
847,17
848,11
848,10
848,8
849,9
849,10
849,13
849,11
849,8
849,5
849,9
850,16
850,11
850,16
850,5
851,20
851,11
851,9
852,5
852,8
853,20
853,12
853,15
853,14
853,7
854,11
854,15
854,14
854,10
854,15
855,20
855,6
855,10
856,10
856,17
856,9
856,17
856,13
856,11
856,16
857,12
857,5
857,19
858,19
858,18
858,12
858,9
858,5
858,10
859,7
859,14
859,15
859,7
859,8
859,5
859,19
860,8
860,7
860,20
860,16
860,13
860,13
860,15
860,5
860,20
860,17
861,11
861,10
861,8
862,17
863,15
863,8
863,17
863,9
863,14
864,17
864,12
864,7
864,16
864,15
865,13
865,9
865,16
865,10
865,7
866,7
866,20
867,10
867,12
867,19
867,11
867,17
867,11
867,20
868,7
868,5
868,11
868,10
868,6
869,9
869,8
869,8
869,7
869,14
869,5
870,6
870,8
870,14
870,6
871,5
871,7
871,6
871,6
871,7
871,17
871,13
871,7
872,14
872,12
872,12
872,14
873,7
873,18
873,11
873,6
874,7
874,20
874,16
874,20
874,16
874,16
874,6
874,8
874,9
875,7
875,19
875,20
875,9
875,9
875,17
876,14
876,7
876,15
876,20
876,19
877,10
877,15
877,20
877,14
877,15
877,7
877,20
878,11
878,10
878,10
878,12
878,12
879,18
879,5
879,9
879,11
879,10
880,12
880,14
880,5
880,15
880,14
881,9
881,6
881,18
881,19
881,20
881,11
882,13
882,8
882,14
883,17
883,19
883,18
883,6
884,5
884,9
884,11
884,20
884,16
884,7
885,19
885,12
885,12
885,19
885,18
886,8
886,19
886,5
886,9
886,12
887,14
887,15
887,7
887,15
887,10
887,15
887,12
888,15
888,5
888,5
888,9
888,6
888,16
888,5
888,6
888,18
888,13
889,18
889,5
889,5
889,17
889,11
889,17
890,11
890,7
890,20
890,17
890,10
890,13
890,7
891,13
891,12
891,10
891,9
891,17
891,16
891,13
891,13
892,10
892,9
892,16
893,20
893,15
893,11
893,16
893,17
893,6
894,8
894,8
894,15
894,19
895,9
895,11
895,18
895,11
895,16
895,6
895,15
896,18
896,15
896,8
896,13
896,17
896,15
896,16
896,11
897,17
898,5
898,15
898,9
898,12
898,19
898,18
898,16
898,14
899,18
899,7
899,12
900,12
900,13
900,7
900,7
901,11
901,5
901,7
901,13
902,6
902,12
902,10
903,16
903,8
903,14
903,12
903,11
903,9
904,8
904,18
904,19
904,9
905,17
905,15
905,7
905,18
905,11
906,15
906,14
906,12
906,6
906,6
907,7
907,8
907,10
907,13
908,14
908,16
908,6
908,20
908,11
908,5
909,7
909,11
909,8
909,17
909,16
910,18
910,16
910,7
911,6
911,14
912,18
912,19
912,14
912,12
913,20
913,20
913,17
913,14
913,18
914,9
914,18
914,14
914,16
915,18
915,13
915,6
915,16
915,16
915,6
916,15
916,13
916,19
917,18
917,8
917,16
917,13
917,14
917,17
917,13
918,14
918,8
918,18
918,6
918,15
919,10
919,17
919,8
919,9
919,9
919,14
919,11
920,9
920,9
920,17
921,19
921,17
921,10
921,9
921,9
922,11
922,13
922,9
923,5
923,13
924,16
924,13
924,17
924,14
924,17
925,16
925,6
925,5
925,7
925,19
925,13
925,12
925,9
925,19
925,6
925,6
926,20
926,12
926,13
926,7
926,15
926,15
926,19
926,13
927,17
927,6
927,17
927,8
927,5
927,6
927,17
927,20
928,6
928,18
928,13
928,12
929,20
929,16
929,16
929,8
930,20
930,12
930,7
930,16
930,9
930,14
930,13
930,16
931,6
931,10
931,17
932,16
932,12
932,13
932,18
933,16
933,18
933,10
933,13
934,14
934,13
935,8
935,17
935,7
935,19
935,5
935,9
936,10
937,7
937,12
937,10
939,9
939,19
939,7
939,18
940,19
940,19
940,10
940,14
941,12
941,14
941,16
941,7
941,11
941,18
942,5
942,15
942,20
942,7
942,8
942,12
942,10
942,18
943,6
943,14
943,12
943,7
944,6
944,17
944,17
945,13
945,9
945,19
945,7
945,14
946,8
946,8
946,13
946,16
947,16
947,15
948,19
948,10
948,5
948,12
948,6
948,16
948,14
949,9
949,15
949,17
949,17
950,17
950,8
951,13
951,18
951,8
952,12
952,15
953,20
953,6
953,12
954,17
954,10
954,13
954,13
954,14
954,5
954,14
954,15
954,7
954,10
954,13
955,17
955,15
955,11
955,5
956,15
956,9
956,14
957,17
957,17
957,20
957,17
957,20
957,11
957,13
958,17
958,9
958,17
958,10
958,9
958,11
958,9
958,6
959,5
959,16
959,20
959,20
959,8
959,8
959,10
960,19
960,11
960,20
960,13
960,6
960,5
960,7
960,10
961,15
961,9
961,20
961,7
961,8
962,8
962,5
962,18
962,20
962,6
962,15
962,14
962,13
962,6
962,6
963,17
963,8
963,8
963,7
963,9
963,16
963,8
963,18
963,20
963,7
964,6
964,6
964,10
964,7
964,17
964,14
964,16
964,13
964,14
964,5
965,11
965,18
966,13
966,11
966,5
966,9
966,7
966,14
966,19
967,12
967,6
967,8
967,12
967,7
968,19
968,6
968,18
969,14
969,8
969,8
969,7
969,10
969,17
970,10
970,9
970,5
970,5
970,17
970,20
971,19
971,9
971,12
971,19
971,10
971,16
972,15
972,19
972,18
972,15
973,20
973,12
973,17
973,6
973,19
973,8
974,16
974,18
975,20
975,5
975,18
975,19
975,19
975,10
975,13
975,9
976,12
976,6
977,11
977,10
977,6
977,18
977,19
977,15
978,6
978,19
978,17
979,8
979,13
979,6
979,13
979,19
979,18
980,5
980,16
980,10
980,18
980,8
981,11
981,20
981,13
981,9
982,9
982,15
982,7
982,7
982,9
982,10
982,18
982,12
983,20
983,6
983,17
983,19
983,10
983,7
985,5
985,6
986,5
987,6
987,18
987,10
987,8
987,12
988,12
988,11
988,19
988,16
988,19
989,19
989,12
989,16
989,14
989,5
990,15
990,6
990,8
990,7
990,17
990,15
990,8
990,15
991,17
991,18
991,7
991,17
991,10
991,14
992,14
992,16
992,9
992,16
992,18
992,15
993,19
993,8
993,13
994,10
994,19
994,6
994,19
994,11
995,11
995,18
995,5
995,9
995,18
995,13
995,20
995,10
996,11
996,6
996,19
997,19
997,8
997,9
997,7
997,18
997,18
998,11
998,6
998,11
998,15
998,19
998,16
998,9
999,6
999,9
1000,11
-14
-11
-7
-6
-6
-2
-2
-1
-1
0
0
0
0
1
1
1
1
1
2
2
2
4
4
4
4
5
5
5
5
6
6
6
6
6
6
6
7
8
8
8
8
9
9
9
9
9
10
10
10
10
10
10
10
11
11
11
11
11
11
11
11
11
12
12
12
12
12
12
13
14
14
14
14
14
14
15
15
15
15
15
15
15
16
16
16
16
16
16
16
16
16
17
17
18
18
18
19
19
19
19
19
20
20
20
21
21
22
22
22
22
22
22
23
23
23
23
23
24
24
24
24
25
25
25
26
27
27
27
28
28
28
28
28
29
29
29
29
29
29
29
30
30
30
30
31
31
31
32
32
32
32
32
32
32
33
33
33
33
33
34
34
34
34
35
35
35
35
35
36
36
36
36
36
36
36
36
36
36
36
36
36
36
36
37
37
37
37
37
37
37
38
38
38
38
39
39
39
39
39
39
39
39
40
40
40
40
40
40
41
41
41
41
41
41
42
42
42
42
42
43
43
43
43
44
44
44
44
45
45
45
45
45
45
45
46
46
47
47
47
48
48
48
49
49
50
50
50
50
50
50
50
50
50
51
51
51
52
52
52
52
53
53
54
54
54
54
54
54
55
55
55
55
55
55
55
55
55
55
55
55
56
56
56
56
56
56
56
56
57
57
57
57
57
57
57
58
58
58
58
59
59
59
59
59
59
59
59
60
61
61
62
62
63
64
64
64
64
64
64
64
64
65
65
65
65
65
65
65
66
66
66
66
66
66
66
67
67
67
67
67
68
68
68
68
68
68
69
69
69
69
69
70
71
71
71
71
71
71
72
72
72
72
73
73
73
74
74
74
74
74
74
75
75
75
75
75
75
76
76
76
76
77
77
77
77
77
78
78
78
78
78
79
79
79
79
79
79
80
80
80
80
80
81
81
81
81
81
81
81
81
82
82
82
82
82
82
83
83
83
83
84
84
85
85
85
85
86
86
87
87
87
87
88
88
88
88
88
88
88
88
88
89
89
89
89
90
90
90
90
90
90
90
90
91
91
91
91
91
91
91
92
92
93
93
93
94
94
94
94
94
95
95
95
96
96
96
96
97
97
97
97
98
98
98
98
98
98
99
99
99
99
99
100
100
100
100
100
100
101
101
101
102
102
102
102
103
103
103
103
104
104
104
104
105
105
105
105
105
105
106
107
107
107
107
108
108
108
108
108
108
109
109
109
109
109
110
110
110
110
110
110
111
111
111
111
111
111
111
112
112
112
112
112
112
112
112
112
113
113
113
113
113
114
114
114
114
115
115
115
115
115
115
116
117
117
117
117
117
118
118
118
118
118
119
119
119
119
119
119
119
119
120
120
120
120
120
121
121
121
121
121
121
121
121
121
122
122
122
122
123
123
123
123
124
124
124
124
124
124
124
124
124
125
125
125
125
126
126
126
126
126
127
127
127
128
128
128
128
128
128
128
128
129
129
129
129
129
129
129
130
130
130
130
130
130
130
130
130
131
131
131
131
131
131
131
132
132
132
132
133
133
133
133
133
133
134
134
134
134
135
135
136
136
136
136
136
137
138
138
139
139
140
140
140
140
140
141
141
142
142
143
143
143
144
144
145
145
145
145
145
145
146
146
146
146
146
146
146
146
147
148
148
148
148
148
148
149
149
149
149
149
149
149
150
150
150
151
151
151
152
152
152
152
152
153
153
153
154
154
154
154
155
155
155
155
155
155
156
156
156
156
156
156
157
157
157
157
157
157
157
157
157
157
157
157
158
158
158
158
158
158
158
159
159
159
159
160
160
160
160
160
160
161
161
161
161
161
162
162
162
162
162
162
162
163
163
163
163
163
163
163
163
163
163
164
164
164
164
164
164
164
165
165
165
165
165
165
165
165
165
166
166
166
167
167
167
167
167
167
167
168
168
168
169
169
170
170
170
171
171
171
171
171
171
171
172
172
172
172
172
173
173
173
173
173
173
173
174
174
174
174
174
175
175
176
176
177
177
177
177
177
177
178
178
178
178
178
178
178
179
179
180
180
180
180
180
180
180
181
181
181
181
181
181
182
182
182
182
182
182
182
182
183
183
183
183
183
183
183
183
183
184
184
184
184
185
185
185
185
185
186
186
186
187
187
187
187
187
187
187
187
187
187
188
188
188
188
188
188
188
189
189
189
189
189
189
189
189
190
190
190
190
191
191
191
191
191
192
192
192
192
192
193
193
193
193
193
194
194
194
194
194
194
194
195
195
195
195
195
196
197
197
197
197
197
197
198
198
198
198
198
198
199
199
199
199
199
199
200
200
201
201
201
201
202
202
202
202
203
203
203
204
204
204
204
204
204
205
205
206
206
206
206
206
206
207
207
207
207
207
207
207
207
208
208
208
208
209
209
209
209
209
209
209
210
210
210
210
210
211
211
211
211
212
212
212
213
213
214
214
214
214
215
215
215
215
215
215
216
216
216
216
217
217
217
217
217
218
218
218
218
218
218
218
218
219
219
219
219
219
220
220
220
220
220
221
221
221
221
221
221
221
221
221
221
222
222
223
223
223
223
223
224
224
224
224
224
224
224
224
224
225
225
225
225
225
225
226
226
226
226
226
226
227
227
227
227
227
227
227
228
228
228
228
228
229
229
229
229
229
229
229
230
230
230
231
231
231
232
232
232
232
232
233
233
233
233
234
234
234
234
234
234
234
235
235
235
235
235
235
235
236
236
236
237
237
237
237
237
237
239
239
239
239
239
240
240
240
240
240
240
241
241
241
241
241
241
242
242
242
242
243
243
243
244
244
244
244
245
245
245
245
245
246
246
246
246
246
247
247
247
247
247
247
247
248
248
248
249
249
250
250
250
250
251
251
251
252
252
252
252
253
253
253
253
253
253
254
254
254
254
254
254
255
255
255
255
255
255
255
256
256
256
256
256
256
257
257
257
257
257
257
258
258
259
259
259
259
259
259
260
260
260
260
260
261
261
261
261
262
262
262
263
263
264
264
265
265
265
265
265
265
265
266
266
266
266
266
266
266
267
267
267
267
267
267
268
268
268
268
268
268
268
268
269
270
270
270
270
270
271
271
271
272
272
272
272
272
272
273
273
273
273
274
274
274
274
274
274
274
275
275
276
276
276
276
276
276
277
277
277
278
278
278
278
278
278
278
278
278
279
279
279
279
279
279
279
279
279
279
280
280
281
281
282
282
282
282
282
282
283
283
284
284
284
284
284
284
284
285
285
285
285
285
285
286
286
286
286
286
287
287
287
287
288
288
288
288
288
288
288
289
289
289
289
289
289
289
289
289
290
290
290
290
290
290
290
291
291
291
291
291
292
292
292
292
293
293
293
293
293
293
293
294
294
294
294
294
295
295
295
295
295
296
296
296
296
297
297
297
298
298
298
298
298
298
298
298
299
299
299
299
300
300
300
300
300
300
300
301
301
301
302
302
302
302
303
303
303
303
303
303
303
303
304
304
304
304
304
305
305
305
306
306
306
306
306
307
307
308
308
308
308
308
309
310
310
310
310
310
310
310
310
310
310
311
311
311
311
311
312
312
312
312
312
312
313
313
313
313
313
313
314
314
314
314
314
315
315
315
315
315
315
315
316
316
316
316
316
316
316
316
316
316
317
317
317
317
318
318
318
318
318
319
319
319
319
319
320
320
320
320
320
320
320
321
321
321
321
322
322
322
322
322
323
323
323
324
324
325
325
325
325
325
325
325
325
326
326
326
326
327
327
328
328
328
328
328
328
329
329
329
329
329
329
329
329
329
330
330
330
330
330
331
331
331
331
331
331
331
332
332
332
333
333
333
333
333
334
334
334
334
334
334
334
335
335
335
335
335
335
335
336
336
336
337
337
337
337
337
337
337
337
337
338
339
339
339
339
340
340
341
341
341
341
341
341
342
342
342
342
343
343
343
343
344
344
345
345
345
345
345
345
345
346
346
346
346
347
347
347
348
348
348
349
349
349
349
350
350
350
350
350
350
351
351
351
351
352
352
352
352
352
352
352
352
353
353
353
353
353
353
354
354
354
354
354
354
354
355
355
355
356
356
356
357
357
357
357
357
358
358
358
358
359
359
359
359
359
359
359
360
360
361
361
361
361
362
363
363
363
363
364
364
364
364
364
364
365
365
365
365
365
366
366
367
367
367
367
367
368
368
368
368
369
369
369
369
369
369
369
369
370
370
370
370
370
370
371
371
371
371
371
371
371
371
372
372
373
373
373
373
373
373
373
374
374
374
374
375
375
375
375
375
376
376
376
376
376
376
376
377
377
377
377
377
377
378
378
378
378
379
379
379
379
379
379
379
380
380
381
381
381
381
381
382
382
382
383
383
384
384
384
385
385
385
385
385
385
386
386
386
386
387
387
387
387
387
388
388
388
388
389
389
389
389
390
390
390
391
391
391
391
391
391
391
392
392
392
392
393
393
393
393
393
393
394
394
394
394
394
395
395
395
395
395
396
396
396
396
396
396
397
397
397
397
397
397
397
398
398
398
398
398
399
399
399
399
399
399
400
400
400
400
400
401
401
401
401
401
402
402
402
402
403
403
403
404
404
405
405
405
405
405
405
405
406
406
406
407
407
407
407
407
407
408
408
408
408
408
408
408
408
409
409
410
410
410
410
410
410
410
410
411
411
411
411
411
411
411
411
412
412
412
412
412
412
412
412
412
413
413
413
414
414
414
414
415
415
415
415
415
415
415
415
415
415
416
416
416
416
416
416
416
416
417
417
417
417
417
418
418
418
418
419
419
419
419
419
420
420
420
420
420
421
421
422
422
422
422
422
423
423
423
423
424
424
424
425
425
425
426
426
426
426
427
427
427
427
427
427
427
427
427
428
428
428
429
429
429
429
429
429
429
429
430
430
430
430
431
431
431
432
432
432
432
433
433
433
433
433
433
433
434
434
434
434
434
434
434
434
435
435
436
436
436
436
436
436
437
437
437
437
437
437
437
437
437
437
438
438
438
438
439
439
439
439
440
440
440
440
440
440
440
440
441
441
441
441
441
441
441
442
442
442
442
443
443
443
443
443
443
443
443
444
444
444
444
445
445
445
445
445
445
445
446
447
447
448
448
448
449
449
449
450
450
450
450
450
450
450
451
451
451
451
451
451
452
452
452
452
452
452
453
453
453
454
454
454
454
454
454
454
455
455
455
455
455
455
456
456
456
456
456
456
457
457
457
457
457
457
457
458
458
458
458
458
459
459
459
459
460
460
460
460
460
461
461
461
461
461
462
462
462
462
463
463
463
463
463
463
463
464
464
464
464
464
464
465
465
465
465
466
466
466
466
466
466
467
467
467
467
467
468
468
468
468
468
469
470
470
470
470
470
470
470
471
471
471
471
471
471
471
472
472
472
472
472
472
472
472
472
473
473
473
474
474
474
474
474
474
474
474
474
475
475
475
476
476
476
476
476
477
477
477
477
477
477
478
478
478
478
478
478
478
478
478
479
479
479
479
479
479
479
479
480
480
481
481
481
481
481
482
482
482
482
482
482
483
483
483
483
483
483
483
483
483
484
484
484
484
485
485
485
485
485
485
485
486
486
486
487
488
488
488
488
488
489
489
489
489
489
489
489
489
489
490
490
490
490
490
490
490
490
490
490
490
490
491
491
491
492
493
493
493
493
493
493
494
494
494
494
494
494
494
495
495
495
496
496
496
497
497
497
498
498
498
498
498
498
498
498
498
499
499
499
499
499
499
499
499
499
499
500
500
500
500
500
500
501
501
501
501
502
502
502
502
502
503
503
503
503
503
503
503
503
503
503
504
504
504
504
504
504
504
504
504
504
505
505
505
505
505
505
505
505
506
506
506
506
506
506
506
507
507
507
507
507
507
507
507
508
508
508
508
508
508
509
509
509
510
510
510
510
510
511
511
511
512
512
512
512
512
513
513
513
513
513
513
513
513
513
514
515
515
515
515
515
515
515
515
515
516
516
516
516
516
516
516
516
516
516
517
517
517
517
517
517
518
519
519
519
519
519
519
519
519
520
520
520
520
521
521
521
521
521
521
522
522
522
522
523
523
523
524
524
525
525
525
525
525
526
526
526
526
527
527
527
527
528
528
529
529
529
529
529
529
529
529
530
530
530
531
532
532
532
533
533
533
533
534
534
535
535
535
535
535
535
535
535
536
537
537
537
537
537
537
537
538
538
538
538
538
538
538
539
539
539
540
540
540
540
540
540
540
540
540
541
541
541
541
541
541
541
541
542
542
542
542
542
542
542
542
542
542
542
543
543
543
543
543
543
543
543
544
545
545
546
546
546
546
546
546
546
547
547
547
547
547
547
547
547
547
548
548
548
548
549
549
549
549
550
550
550
550
550
550
551
551
551
551
551
552
552
552
552
552
552
552
552
552
552
553
553
553
554
554
554
554
555
555
555
555
555
555
555
556
556
557
557
558
558
558
558
558
559
559
559
559
560
560
560
560
560
560
560
560
560
560
561
561
561
561
562
562
562
563
563
563
564
564
565
565
565
565
565
566
566
566
566
567
567
567
567
567
568
568
568
568
568
569
569
570
570
570
570
571
571
571
571
571
571
571
572
572
572
572
572
572
572
572
573
573
573
574
574
574
575
575
575
576
576
577
577
577
577
577
577
577
578
578
579
579
579
579
579
579
579
579
580
580
580
580
580
580
580
581
581
581
581
581
581
582
582
582
582
583
583
583
583
583
583
583
583
583
584
584
584
584
584
585
585
585
585
585
585
585
586
586
586
586
586
586
587
587
588
588
588
588
588
588
588
588
590
591
591
591
591
591
591
592
592
592
592
593
593
593
594
594
594
594
594
595
595
595
595
596
596
597
597
597
598
598
598
598
598
599
599
599
599
600
600
600
600
600
601
601
601
601
601
603
603
603
603
603
604
604
605
605
605
605
605
605
605
605
605
605
605
606
606
606
606
607
607
607
608
608
608
608
608
609
609
610
610
610
610
610
610
611
611
611
611
611
611
611
611
612
612
613
613
613
613
613
613
613
613
613
614
614
614
615
615
615
615
616
616
616
616
616
616
617
617
617
617
618
619
619
619
620
620
620
620
621
621
621
622
622
622
622
623
623
623
623
623
623
623
623
624
624
624
625
625
625
625
625
626
626
626
626
626
627
627
627
627
627
628
628
628
628
628
628
628
629
629
629
629
629
629
629
630
630
630
630
631
631
631
631
631
632
632
632
632
632
633
633
633
634
634
634
634
634
635
635
636
636
636
636
636
636
636
637
637
637
638
638
638
638
638
639
639
639
639
639
640
640
640
640
640
640
641
641
641
641
641
641
641
642
642
642
642
642
642
642
643
643
643
644
644
645
645
645
645
646
646
646
647
647
647
647
647
648
648
648
648
648
649
649
649
649
649
650
650
650
650
650
651
651
651
651
651
652
652
652
652
652
652
652
653
653
653
653
653
653
654
654
654
654
655
655
655
655
655
655
655
656
656
656
656
656
656
657
657
657
658
658
658
659
659
659
659
659
660
661
661
661
661
662
662
662
662
663
663
663
664
664
664
664
664
665
665
665
666
666
666
666
666
666
666
667
667
667
667
667
667
667
667
668
668
668
668
668
668
668
668
668
668
668
669
669
669
669
669
669
669
670
670
670
670
671
671
671
672
672
672
673
673
674
674
674
674
675
675
675
675
675
676
676
677
677
677
677
677
678
678
678
678
679
679
679
679
679
679
680
680
680
680
681
681
681
681
681
681
681
681
683
683
683
683
683
683
684
684
684
684
684
684
684
685
685
685
685
685
685
686
686
686
686
686
686
687
687
687
687
687
687
687
687
687
688
688
688
688
689
689
689
689
690
690
690
690
690
691
691
691
691
691
691
692
692
692
692
693
693
693
693
693
694
694
694
695
695
695
695
695
696
696
696
696
696
697
697
697
697
697
697
697
697
697
698
698
698
699
699
699
700
700
700
700
700
700
700
701
701
701
701
701
701
702
702
702
702
702
703
703
703
703
704
704
705
705
705
706
706
707
707
707
707
707
707
707
708
708
708
708
708
709
709
710
710
710
710
710
711
711
711
711
711
711
711
711
712
712
712
712
712
712
712
712
712
712
713
713
714
714
714
715
715
715
715
715
716
716
717
717
717
717
717
717
718
718
718
718
718
718
719
719
719
719
719
719
719
719
719
719
720
720
720
720
720
720
720
722
722
722
722
722
722
723
723
723
723
723
724
724
724
725
725
725
725
725
726
727
727
727
728
728
728
728
728
728
728
728
729
729
729
730
730
730
731
731
731
731
732
732
732
733
733
733
733
733
733
733
734
734
734
735
735
735
735
735
735
735
736
736
736
736
736
736
737
737
737
737
737
737
737
737
737
737
737
738
738
738
738
738
738
738
738
738
739
739
739
739
740
740
741
741
741
741
742
742
742
742
742
742
743
743
743
743
744
744
745
745
745
745
745
745
746
746
746
747
747
747
748
748
748
748
748
749
749
750
750
750
750
750
751
751
751
751
751
751
752
752
752
752
753
753
753
753
753
754
754
754
754
754
754
754
755
755
755
756
756
756
756
756
756
756
757
757
757
757
758
758
758
758
758
758
758
759
759
759
759
760
760
760
760
760
760
761
761
761
762
762
762
762
762
762
762
763
763
763
763
764
764
764
764
764
765
765
765
765
765
765
766
766
767
767
767
769
769
769
769
770
770
770
770
770
770
770
770
770
771
771
771
771
771
771
772
772
772
772
772
773
774
774
775
775
775
775
775
775
775
776
776
776
776
777
777
777
777
778
778
778
778
778
779
779
779
779
780
780
780
780
781
781
781
781
781
781
781
782
782
782
782
782
782
783
783
783
783
783
783
784
784
784
785
785
785
786
786
786
786
786
786
786
786
786
787
787
787
787
787
787
789
789
789
789
789
789
789
789
789
789
789
790
790
790
790
790
790
790
790
790
791
791
791
792
792
792
792
793
793
793
793
793
793
793
793
793
793
794
794
794
794
794
794
794
794
795
795
795
795
796
796
796
796
796
796
796
797
797
797
797
797
797
798
798
798
798
799
799
799
799
799
800
800
800
800
800
800
800
800
800
801
802
802
802
802
802
803
803
803
803
803
804
804
804
805
805
806
806
806
806
806
807
807
807
807
807
808
808
809
809
809
810
810
810
810
810
810
811
811
811
812
812
812
812
812
813
813
813
813
814
814
814
815
815
815
815
815
815
816
816
816
816
816
816
816
816
816
816
817
817
817
818
818
818
818
818
818
819
819
819
819
819
819
819
820
820
820
820
820
820
821
821
821
821
821
822
822
822
822
822
823
823
823
823
823
823
824
824
824
824
824
824
825
825
825
826
826
826
826
826
826
826
826
826
826
827
827
827
827
827
827
828
828
828
829
829
829
829
829
829
830
830
830
831
831
831
831
832
832
832
832
833
833
833
834
834
834
834
834
834
834
835
835
835
835
835
835
835
835
835
835
836
836
836
836
836
836
836
837
837
837
837
837
838
838
838
838
838
838
839
839
839
839
840
840
840
840
840
840
841
841
841
842
842
842
842
843
843
843
843
844
844
844
844
844
844
844
844
844
844
844
845
845
845
845
845
845
845
845
845
846
846
846
846
846
847
847
847
847
848
848
849
849
849
849
849
849
850
850
850
850
850
850
850
851
851
851
851
851
852
852
852
852
852
852
854
854
854
854
854
854
854
855
855
855
855
855
855
855
855
855
856
856
856
856
856
856
856
856
857
857
857
857
858
858
858
859
859
859
860
861
861
861
861
861
862
863
863
863
864
864
864
864
864
864
864
864
864
864
864
864
865
865
865
865
866
866
866
867
867
867
867
867
867
868
868
868
869
869
869
869
869
869
869
870
870
870
870
870
870
870
870
871
871
871
871
871
871
871
872
872
872
872
872
872
873
873
873
873
873
873
873
874
874
874
874
874
875
875
875
875
875
875
875
875
875
876
876
876
876
876
877
877
877
877
877
877
877
877
877
877
878
878
878
878
878
879
879
879
880
880
880
880
880
881
881
882
882
882
882
882
882
883
883
883
883
883
883
884
884
884
884
884
885
885
885
885
885
885
886
886
886
886
886
886
886
886
887
887
887
887
888
888
888
888
889
889
889
889
889
889
889
889
889
890
890
890
890
891
891
891
891
892
892
892
892
893
893
893
893
894
894
894
894
894
894
894
894
894
894
895
895
895
895
895
895
895
896
896
896
896
896
896
896
896
896
897
897
897
898
898
898
898
898
898
899
899
899
899
900
900
900
900
900
900
900
900
900
900
900
901
901
902
902
902
903
903
903
903
903
903
904
904
905
905
905
905
906
906
906
906
906
906
906
906
906
907
907
907
907
908
908
908
908
908
909
909
909
910
910
910
910
910
911
911
911
911
911
912
912
912
912
913
913
913
913
913
914
914
914
914
914
915
915
915
915
916
916
916
916
917
917
917
918
918
918
918
918
919
919
919
919
920
920
920
920
920
920
920
920
920
921
921
922
922
922
922
922
923
923
924
924
924
924
924
925
925
925
925
925
925
925
926
926
926
926
926
927
927
927
927
927
927
928
928
928
928
928
928
928
928
928
929
929
929
929
930
930
930
930
931
931
931
931
931
932
932
932
932
932
932
933
933
933
934
935
935
936
936
936
936
936
936
937
937
937
938
938
938
938
938
939
939
939
939
940
940
940
940
940
940
940
940
941
941
941
941
941
941
941
942
942
942
942
942
943
943
944
944
944
944
944
945
945
946
946
946
946
947
947
947
947
948
948
948
948
948
949
949
949
949
950
950
950
950
950
950
951
952
952
952
952
952
952
952
953
953
953
953
953
953
953
954
954
954
954
955
955
956
956
956
956
956
956
956
956
956
956
957
957
957
957
957
957
957
957
958
959
959
959
959
959
959
960
960
960
960
960
960
960
960
961
961
961
961
961
961
961
961
962
962
962
962
962
962
962
962
963
963
963
963
964
964
964
964
964
964
964
964
964
964
965
965
965
965
965
965
966
966
966
966
967
967
967
967
967
968
968
968
968
969
969
969
969
969
970
970
970
970
970
970
971
971
971
971
971
971
972
972
972
973
973
973
973
973
974
974
974
974
974
974
974
975
975
975
975
975
976
976
976
976
976
976
976
976
976
976
976
976
978
978
978
979
979
980
980
980
981
981
981
981
981
981
982
982
982
982
983
983
983
983
983
983
983
983
983
984
984
984
984
985
985
985
985
985
986
986
986
986
987
987
987
987
987
988
988
988
988
988
989
989
990
990
990
991
991
991
991
992
992
993
993
993
994
994
994
994
995
995
995
995
995
995
995
996
996
998
998
999
999
999
999
1000
1000
1000
1001
1001
1001
1004
1005
1005
1005
1006
1006
1007
1007
1008
1011
